0 1
0 670
0 671
0 672
0 673
0 674
0 675
0 676
0 677
0 678
0 679
0 680
0 681
0 682
0 683
0 685
0 686
0 687
0 689
0 690
0 691
0 692
0 693
0 695
0 697
0 698
0 699
0 700
0 701
0 702
0 703
0 704
0 705
0 706
0 707
0 708
0 709
0 710
0 711
0 712
0 713
0 714
0 716
0 717
0 718
0 719
0 720
0 721
0 722
0 723
0 724
0 726
0 727
0 728
0 730
0 731
0 732
0 733
0 735
0 736
0 737
0 738
0 740
0 741
0 742
0 743
0 744
0 745
0 747
0 748
0 749
0 751
0 752
0 753
0 754
0 755
0 757
0 758
0 759
0 760
0 761
0 763
0 764
0 774
0 775
0 777
0 785
0 786
0 788
0 789
0 790
0 791
0 801
0 804
0 805
0 807
0 808
0 809
0 810
0 811
0 814
0 817
0 826
0 827
0 833
0 841
0 842
0 943
0 961
0 1071
0 1139
0 1144
0 1146
0 1289
0 1302
0 1314
0 1315
0 1317
0 1319
0 1320
0 1323
0 1333
0 1334
0 1341
0 1342
0 1347
0 1348
0 1349
0 1352
0 1353
0 1355
0 1377
0 1404
0 1427
0 1439
0 1440
0 1442
0 1443
0 1444
0 1446
0 1447
0 1449
0 1451
0 1466
0 1474
0 1477
0 1480
0 1484
0 1489
0 1490
0 1491
0 1506
0 1513
0 1534
0 1535
0 1536
0 1537
0 1538
0 1539
0 1540
0 1542
0 1543
0 1544
0 1545
0 1546
0 1547
0 1548
0 1549
0 1550
0 1551
0 1552
0 1554
0 1555
0 1556
0 1557
0 1558
0 1559
0 1560
0 1561
0 1563
0 1564
0 1565
0 1566
0 1568
0 1569
0 1570
0 1571
0 1572
0 1573
0 1574
0 1575
0 1576
0 1577
0 1578
0 1580
0 1581
0 1582
0 1583
0 1585
0 1586
0 1587
0 1590
0 1591
0 1592
0 1593
0 1594
0 1595
0 1596
0 1598
0 1600
0 1601
0 1602
0 1603
0 1604
0 1605
0 1606
0 1607
0 1608
0 1609
0 1610
0 1611
0 1612
0 1613
0 1615
0 1617
0 1619
0 1621
0 1622
0 1623
0 1626
0 1627
0 1658
0 1677
0 1689
0 1736
0 1778
0 1800
0 1809
0 1824
0 1826
0 1836
0 1845
0 1856
0 1872
0 1873
0 1891
0 1907
0 2004
0 2014
0 2017
0 2023
0 2032
0 2033
0 2034
0 2039
0 2041
0 2197
0 2368
0 2441
0 2447
0 2508
0 2509
0 2518
0 2530
0 2543
0 2551
0 2769
0 2778
0 2795
0 2847
0 2850
0 2889
0 2894
0 2938
0 2949
0 2950
0 2976
0 2984
0 3023
0 3025
0 3109
0 3118
0 3136
0 3141
0 3142
0 3143
0 3145
0 3146
0 3147
0 3148
0 3149
0 3150
0 3151
0 3152
0 3153
0 3154
0 3155
0 3156
0 3158
0 3159
0 3160
0 3161
0 3162
0 3163
0 3167
0 3168
0 3169
0 3170
0 3171
0 3172
0 3173
0 3174
0 3175
0 3176
0 3177
0 3178
0 3179
0 3180
0 3181
0 3182
0 3183
0 3184
0 3185
0 3186
0 3187
0 3188
0 3189
0 3191
0 3192
0 3193
0 3194
0 3195
0 3196
0 3197
0 3198
0 3199
0 3200
0 3201
0 3202
0 3203
0 3204
0 3205
0 3206
0 3207
0 3208
0 3209
0 3210
0 3211
0 3212
0 3213
0 3215
0 3216
0 3217
0 3218
0 3219
0 3220
0 3221
0 3223
0 3224
0 3225
0 3227
0 3228
0 3229
0 3230
0 3233
0 3234
0 3235
0 3236
0 3237
0 3238
0 3239
0 3240
0 3241
0 3242
0 3243
0 3247
0 3248
0 3249
0 3250
0 3251
0 3252
0 3253
0 3254
0 3255
0 3256
0 3257
0 3259
0 3260
0 3261
0 3262
0 3263
0 3265
0 3266
0 3267
0 3268
0 3269
0 3272
0 3273
0 3275
0 3276
0 3277
0 3278
0 3279
0 3281
0 3282
0 3283
0 3284
0 3285
0 3286
0 3287
0 3288
0 3289
0 3290
0 3291
0 3293
0 3294
0 3295
0 3296
0 3297
0 3298
0 3300
0 3301
0 3302
0 3303
0 3304
0 3305
0 3306
0 3307
0 3309
0 3312
0 3313
0 3314
0 3316
0 3317
0 3318
0 3319
0 3320
0 3321
0 3322
0 3323
0 3325
0 3329
0 3330
0 3331
0 3333
0 3334
0 3336
0 3337
0 3338
0 3339
0 3342
0 3343
0 3344
0 3345
0 3347
0 3349
0 3350
0 3353
0 3354
0 3355
0 3356
0 3357
0 3358
0 3360
0 3361
0 3365
0 3368
0 3371
0 3376
0 3377
0 3378
0 3391
0 3394
0 3396
0 3398
0 3403
0 3405
0 3411
0 3412
0 3413
0 3421
0 3431
0 3434
0 3435
0 3436
0 3437
0 3457
0 3515
0 3563
0 3573
0 3574
0 3575
0 3576
0 3577
0 3578
0 3579
0 3580
0 3581
0 3582
0 3583
0 3584
0 3585
0 3586
0 3587
0 3590
0 3591
0 3594
0 3595
0 3597
0 3601
0 3602
0 3603
0 3604
0 3605
0 3607
0 3608
0 3612
0 3645
0 3682
0 3684
0 3686
0 3691
0 3693
0 3742
0 3810
0 3829
0 3841
0 3843
0 3919
0 3922
0 3930
0 3934
0 3935
0 3936
0 3939
0 3949
0 3981
0 4054
0 4055
0 4056
0 4063
0 4064
0 4065
0 4073
0 4075
0 4077
0 4122
0 4125
0 4126
0 4127
0 4128
0 4129
0 4131
0 4132
0 4133
0 4135
0 4136
0 4137
0 4138
0 4140
0 4141
0 4143
0 4145
0 4146
0 4147
0 4148
0 4149
0 4150
0 4151
0 4152
0 4154
0 4155
0 4156
0 4157
0 4159
0 4160
0 4161
0 4162
0 4163
0 4164
0 4165
0 4166
0 4168
0 4169
0 4171
0 4172
0 4173
0 4174
0 4175
0 4176
0 4177
0 4178
0 4180
0 4181
0 4182
0 4184
0 4185
0 4186
0 4187
0 4188
0 4189
0 4190
0 4192
0 4193
0 4194
0 4195
0 4196
0 4197
0 4198
0 4199
0 4200
0 4201
0 4202
0 4203
0 4204
0 4205
0 4206
0 4207
0 4208
0 4209
0 4210
0 4211
0 4212
0 4213
0 4214
0 4215
0 4216
0 4217
0 4218
0 4219
0 4221
0 4222
0 4223
0 4224
0 4225
0 4226
0 4227
0 4228
0 4230
0 4231
0 4232
0 4233
0 4236
0 4237
0 4238
0 4239
0 4240
0 4253
0 4254
0 4255
0 4260
0 4261
0 4262
0 4263
0 4264
0 4265
0 4266
0 4267
0 4269
0 4271
0 4272
0 4289
0 4290
0 4291
0 4292
0 4293
0 4294
0 4296
0 4297
0 4298
0 4299
0 4300
0 4301
0 4302
0 4304
0 4306
0 4307
0 4308
0 4310
0 4311
0 4316
0 4317
0 4318
0 4321
0 4322
0 4324
0 4327
0 4328
0 4335
0 4338
0 4341
0 4344
0 4345
0 4347
0 4354
0 4356
0 4363
0 4372
0 4373
0 4376
0 4377
0 4380
0 4383
0 4442
0 4461
0 4465
0 4473
0 4476
0 4477
0 4511
0 4518
0 4519
0 4543
0 4548
0 4573
0 4576
0 4577
0 4595
0 4613
0 4615
0 4637
0 4640
0 4641
2 3
2 4
2 5
2 6
2 7
2 8
2 9
2 14
2 151
2 275
2 361
2 369
2 401
2 418
2 421
2 428
2 481
2 486
2 487
2 489
2 520
2 576
2 586
2 596
2 597
2 684
2 1112
2 1140
2 1184
2 1344
2 1492
2 1864
2 2461
2 2528
2 2735
2 2804
2 2817
2 2820
2 2823
2 2939
2 2943
2 2961
2 2982
2 3352
2 3458
2 3487
2 4533
2 4574
10 11
10 12
10 13
10 17
10 18
10 22
10 28
10 29
10 30
10 31
10 32
10 33
10 34
10 35
10 36
10 37
10 38
10 39
10 40
10 41
10 42
10 45
10 46
10 47
10 48
10 49
10 50
10 51
10 52
10 53
10 54
10 55
10 60
10 61
10 62
10 63
10 64
10 65
10 68
10 70
10 71
10 72
10 73
10 74
10 95
10 108
10 113
10 114
10 118
10 123
10 130
10 136
10 147
10 148
10 149
10 156
10 157
10 163
10 164
10 207
10 236
10 241
10 249
10 271
10 273
10 274
10 276
10 277
10 279
10 280
10 286
10 287
10 295
10 363
10 389
10 417
10 422
10 423
10 425
10 429
10 430
10 433
10 434
10 445
10 477
10 504
10 505
10 506
10 507
10 508
10 509
10 510
10 511
10 512
10 513
10 514
10 515
10 516
10 517
10 518
10 519
10 521
10 522
10 523
10 524
10 525
10 526
10 527
10 563
10 572
10 580
10 641
10 648
10 1036
10 1116
10 1225
10 1311
10 1321
10 1329
10 1336
10 1337
10 1338
10 1339
10 1340
10 1345
10 1346
10 1350
10 1356
10 1357
10 1358
10 1359
10 1360
10 1361
10 1362
10 1363
10 1364
10 1365
10 1366
10 1367
10 1368
10 1369
10 1370
10 1373
10 1376
10 1378
10 1379
10 1380
10 1381
10 1382
10 1383
10 1384
10 1385
10 1386
10 1387
10 1388
10 1389
10 1390
10 1391
10 1392
10 1393
10 1394
10 1395
10 1396
10 1397
10 1398
10 1399
10 1400
10 1401
10 1402
10 1403
10 1405
10 1406
10 1407
10 1408
10 1410
10 1411
10 1412
10 1414
10 1415
10 1416
10 1417
10 1419
10 1420
10 1421
10 1422
10 1423
10 1424
10 1425
10 1426
10 1430
10 1433
10 1435
10 1436
10 1437
10 1438
10 1441
10 1445
10 1450
10 1454
10 1465
10 1493
10 1494
10 1495
10 1496
10 1497
10 1498
10 1499
10 1500
10 1501
10 1502
10 1503
10 1504
10 1505
10 1507
10 1509
10 1510
10 1511
10 1512
10 1514
10 1515
10 1517
10 1518
10 1521
10 1522
10 1523
10 1524
10 1525
10 1526
10 1527
10 1528
10 1529
10 1530
10 1531
10 1532
10 1533
10 1541
10 1553
10 1562
10 1567
10 1579
10 1584
10 1588
10 1589
10 1597
10 1599
10 1614
10 1616
10 1618
10 1624
10 1625
10 1630
10 1637
10 1659
10 1698
10 1768
10 1798
10 1805
10 1831
10 1861
10 1878
10 1879
10 1881
10 1882
10 1884
10 1887
10 1897
10 1905
10 2048
10 2051
10 2055
10 2056
10 2057
10 2058
10 2061
10 2062
10 2063
10 2064
10 2066
10 2067
10 2068
10 2069
10 2071
10 2072
10 2073
10 2074
10 2076
10 2078
10 2079
10 2080
10 2082
10 2083
10 2085
10 2087
10 2088
10 2089
10 2090
10 2091
10 624
10 2092
10 2093
10 2096
10 2097
10 2100
10 2101
10 2103
10 2106
10 2108
10 2109
10 2110
10 2111
10 2113
10 2114
10 2115
10 2116
10 2117
10 2118
10 2119
10 2120
10 2121
10 2122
10 2125
10 2126
10 2127
10 2129
10 2130
10 2131
10 2132
10 2134
10 2135
10 2136
10 2137
10 2138
10 2139
10 2141
10 2143
10 2145
10 2146
10 2147
10 2149
10 2150
10 2151
10 2152
10 2153
10 2155
10 2157
10 2160
10 2162
10 2165
10 2166
10 2167
10 2168
10 2169
10 2171
10 2173
10 2175
10 2179
10 2180
10 2182
10 2183
10 2184
10 2185
10 2187
10 2188
10 2191
10 2192
10 2194
10 2195
10 2196
10 2199
10 2200
10 2213
10 2220
10 2221
10 2228
10 2233
10 2237
10 2240
10 2244
10 2245
10 2259
10 2263
10 2265
10 2267
10 2269
10 2271
10 2272
10 2274
10 2275
10 2280
10 2282
10 2283
10 2284
10 2285
10 2287
10 2288
10 2289
10 2292
10 2293
10 2294
10 2299
10 2300
10 2302
10 2303
10 2305
10 2307
10 2308
10 2309
10 2312
10 2313
10 2314
10 2315
10 2321
10 2322
10 2323
10 2327
10 2334
10 2337
10 2338
10 2344
10 2348
10 2358
10 2361
10 2371
10 2373
10 2377
10 2384
10 2394
10 2396
10 2398
10 2402
10 2407
10 2408
10 2410
10 2419
10 2423
10 2428
10 2429
10 2430
10 2435
10 2453
10 2455
10 2460
10 2471
10 2474
10 2479
10 2489
10 2491
10 2503
10 2505
10 2511
10 2514
10 2515
10 2520
10 2521
10 2522
10 2523
10 2524
10 2525
10 2526
10 2527
10 2529
10 2531
10 2533
10 2534
10 2536
10 2537
10 2538
10 2539
10 2540
10 2541
10 2542
10 2544
10 2545
10 2546
10 2547
10 2548
10 2549
10 2550
10 2553
10 2554
10 2556
10 2557
10 2558
10 2559
10 2560
10 2561
10 2566
10 2568
10 2569
10 2571
10 2572
10 2573
10 2574
10 2575
10 2576
10 2577
10 2578
10 2579
10 2580
10 2581
10 2582
10 2583
10 2584
10 2585
10 2586
10 2587
10 2588
10 2589
10 2590
10 2591
10 2592
10 2593
10 2594
10 2597
10 2598
10 2599
10 2601
10 2602
10 2603
10 2604
10 2605
10 2610
10 2612
10 2617
10 2634
10 2645
10 2646
10 2647
10 2648
10 2649
10 2651
10 2652
10 2653
10 2655
10 2657
10 2658
10 2659
10 2660
10 2662
10 2663
10 2665
10 2666
10 2667
10 2668
10 2669
10 2670
10 2671
10 2672
10 2673
10 2674
10 2677
10 2678
10 2679
10 2680
10 2681
10 2684
10 2685
10 2686
10 2688
10 2689
10 2691
10 2693
10 2694
10 2696
10 2697
10 2698
10 2701
10 2703
10 2704
10 2706
10 2707
10 2717
10 2722
10 2726
10 2733
10 2737
10 2741
10 2744
10 2745
10 2746
10 2748
10 2754
10 2771
10 2772
10 2775
10 2777
10 2796
10 2803
10 2807
10 2904
10 2910
10 2911
10 2912
10 2913
10 2914
10 2915
10 2916
10 2918
10 367
10 2919
10 2921
10 2922
10 2923
10 2924
10 2925
10 2926
10 2927
10 2930
10 2931
10 2934
10 2946
10 2952
10 2955
10 2956
10 2957
10 2962
10 2973
10 2975
10 3038
10 3039
10 3040
10 3041
10 3042
10 3043
10 3044
10 3045
10 3046
10 3047
10 3048
10 3049
10 3050
10 3051
10 3052
10 3053
10 3054
10 3055
10 3056
10 3057
10 3058
10 3059
10 3060
10 3061
10 3062
10 3063
10 1750
10 3064
10 3065
10 3066
10 3067
10 3068
10 3069
10 3070
10 3071
10 3072
10 3073
10 3074
10 3075
10 3076
10 3078
10 3079
10 3080
10 3081
10 3082
10 3083
10 3084
10 3085
10 3086
10 3087
10 3088
10 3089
10 3090
10 3091
10 3093
10 3094
10 3095
10 3096
10 3097
10 3098
10 3100
10 3102
10 3104
10 3105
10 3106
10 3107
10 3108
10 3111
10 3112
10 3113
10 3114
10 3115
10 3116
10 3117
10 3119
10 3120
10 3121
10 3122
10 3123
10 3124
10 3125
10 3126
10 3127
10 3128
10 3129
10 3130
10 3131
10 3132
10 3133
10 3134
10 3135
10 3137
10 3138
10 3139
10 3140
10 3144
10 3157
10 3164
10 3165
10 3166
10 3190
10 3222
10 3226
10 3231
10 3232
10 3244
10 3245
10 3246
10 3258
10 3264
10 3270
10 3271
10 3299
10 3308
10 3310
10 3311
10 3324
10 3326
10 3332
10 3341
10 3346
10 3351
10 3359
10 3362
10 1653
10 3363
10 3364
10 3366
10 3367
10 3369
10 3370
10 3373
10 3374
10 3375
10 3380
10 3381
10 3383
10 3384
10 3385
10 3386
10 3387
10 3390
10 3392
10 3393
10 3395
10 3397
10 3406
10 3407
10 3408
10 3422
10 3426
10 3432
10 3444
10 3445
10 3447
10 3448
10 3450
10 3451
10 3455
10 3490
10 3491
10 3492
10 3494
10 3495
10 3496
10 3497
10 3498
10 3501
10 3502
10 3503
10 3504
10 3505
10 3506
10 3508
10 3509
10 3510
10 3511
10 3512
10 3528
10 3530
10 3531
10 3545
10 3562
10 3568
10 3592
10 3609
10 3610
10 3611
10 3627
10 3655
10 3657
10 3690
10 3697
10 3698
10 3699
10 3700
10 3701
10 3702
10 3703
10 3704
10 3705
10 3706
10 3707
10 3708
10 3709
10 3710
10 3711
10 3712
10 3713
10 3714
10 3715
10 3719
10 3726
10 3727
10 3728
10 3730
10 3734
10 3735
10 3737
10 3741
10 3743
10 3744
10 3745
10 3746
10 3748
10 3752
10 3753
10 3754
10 3756
10 3758
10 3759
10 3761
10 3762
10 3763
10 3764
10 3765
10 3767
10 3768
10 3770
10 3771
10 3774
10 3776
10 3777
10 3780
10 3781
10 3782
10 3784
10 3785
10 3786
10 3787
10 3788
10 3789
10 3790
10 3791
10 3792
10 3793
10 3795
10 3796
10 3797
10 3798
10 3801
10 3803
10 3804
10 3806
10 3807
10 3808
10 3814
10 3815
10 3816
10 3817
10 3819
10 3821
10 3823
10 3824
10 3826
10 3832
10 3833
10 3835
10 3836
10 3842
10 3849
10 3850
10 3851
10 3852
10 3853
10 3854
10 3855
10 3856
10 3857
10 3858
10 3859
10 3860
10 3861
10 3862
10 3863
10 3864
10 3866
10 3868
10 3869
10 3870
10 3871
10 3874
10 3875
10 3876
10 3877
10 3878
10 3879
10 3880
10 3882
10 3883
10 3884
10 3885
10 3886
10 3887
10 3888
10 3890
10 3891
10 3892
10 3893
10 3894
10 3895
10 3896
10 3897
10 3898
10 3900
10 3901
10 3902
10 3903
10 3904
10 3905
10 3906
10 3907
10 3908
10 3909
10 3910
10 3913
10 3915
10 3916
10 3917
10 3923
10 3925
10 3927
10 3941
10 3944
10 3945
10 3951
10 3952
10 3953
10 3954
10 3955
10 3956
10 3957
10 3958
10 3959
10 3960
10 3961
10 3962
10 3963
10 3964
10 3965
10 3966
10 3967
10 3968
10 3969
10 1645
10 3970
10 3971
10 3972
10 3973
10 3974
10 3975
10 3976
10 3977
10 3978
10 3979
10 3980
10 3982
10 3983
10 3984
10 3985
10 3986
10 3987
10 3988
10 3989
10 3992
10 3993
10 3994
10 3996
10 3997
10 3998
10 3999
10 4000
10 4001
10 4002
10 4003
10 4004
10 4005
10 4006
10 4007
10 4008
10 4009
10 4010
10 4011
10 4012
10 4013
10 4014
10 4015
10 4016
10 4017
10 4018
10 4019
10 4021
10 4022
10 4023
10 4024
10 4026
10 4029
10 4030
10 4031
10 4032
10 4033
10 4034
10 4035
10 4037
10 4039
10 4042
10 4043
10 4044
10 4046
10 4047
10 4049
10 4050
10 4051
10 4052
10 4053
10 4057
10 4058
10 4059
10 4060
10 4061
10 4062
10 4066
10 4067
10 4069
10 4070
10 4071
10 4072
10 4074
10 4076
10 4080
10 4081
10 4091
10 4092
10 4115
10 1780
10 4268
10 4277
10 4284
10 4313
10 4326
10 4329
10 4330
10 4331
10 4332
10 4333
10 4336
10 4337
10 4339
10 4342
10 4343
10 4346
10 4348
10 4349
10 4350
10 4352
10 4353
10 4355
10 4357
10 4358
10 4360
10 4364
10 4366
10 4368
10 4369
10 4381
10 4384
10 4385
10 4386
10 4387
10 4388
10 4389
10 4390
10 4391
10 4392
10 4393
10 4394
10 4395
10 4396
10 4397
10 4398
10 4399
10 4400
10 4401
10 4402
10 4403
10 4404
10 4405
10 4406
10 4407
10 4408
10 4409
10 4410
10 4411
10 4412
10 4413
10 4414
10 4415
10 4416
10 4417
10 4418
10 4419
10 4420
10 4421
10 4422
10 4423
10 4424
10 4425
10 4426
10 4427
10 1947
10 4428
10 4429
10 4431
10 4432
10 4433
10 4434
10 4435
10 4436
10 4437
10 4438
10 4439
10 4440
10 4441
10 4443
10 4444
10 4445
10 4446
10 4447
10 4448
10 4449
10 4451
10 4452
10 4453
10 4454
10 4455
10 4456
10 4457
10 4459
10 4460
10 4462
10 4466
10 4467
10 4469
10 4470
10 4471
10 4472
10 4475
10 4478
10 4479
10 4480
10 4481
10 4482
10 4483
10 4484
10 4485
10 4486
10 4487
10 4488
10 4489
10 4490
10 4491
10 4492
10 4493
10 4494
10 4495
10 4496
10 4497
10 4498
10 4499
10 4500
10 4501
10 4502
10 4503
10 4504
10 4506
10 4507
10 4508
10 4513
10 4515
10 4517
10 4520
10 4521
10 4522
10 4523
10 4524
10 4526
10 4527
10 4529
10 4530
10 4531
10 4532
10 4534
10 4536
10 4537
10 4538
10 4539
10 4540
10 4541
10 4542
10 4544
10 4545
10 4546
10 4547
10 4549
10 4550
10 4551
10 4552
10 4553
10 4554
10 4555
10 4556
10 4557
10 4558
10 4559
10 4560
10 4561
10 4562
10 4564
10 4566
10 4578
10 4601
10 4608
10 4617
10 4618
10 4620
10 4621
10 4623
10 4626
10 4627
10 4628
10 4633
10 4634
10 4639
10 4642
15 16
15 154
15 288
15 460
15 461
15 462
15 463
15 471
15 475
15 483
15 493
15 494
15 1266
15 1298
15 1335
15 1486
15 1487
15 3110
15 3589
15 3638
15 3678
15 3760
15 3872
19 20
19 21
19 1099
19 1413
19 2977
19 4614
23 24
25 26
25 27
25 335
25 337
25 25
25 381
25 502
25 589
25 1060
25 1207
25 1354
25 1372
25 1893
25 1995
25 2007
25 2286
25 2291
25 2317
25 2318
25 2319
25 2320
25 2324
25 2331
25 2333
25 2340
25 2341
25 2351
25 2359
25 2362
25 2387
25 2409
25 2483
25 2486
25 2493
25 2513
25 2774
25 2800
25 2805
25 3099
25 3101
25 3274
25 3912
25 4028
25 4040
25 4041
25 4359
37 364
43 44
43 75
43 124
43 296
43 348
43 349
43 443
43 756
43 43
43 2709
43 2711
43 2713
43 2801
43 3402
43 3409
43 3529
43 3561
56 57
56 202
56 203
56 234
56 467
56 594
56 598
56 762
56 771
56 792
56 793
56 796
56 799
56 802
56 819
56 1059
56 1065
56 1083
56 1453
56 1840
56 2036
56 2446
56 2787
56 2788
56 3214
56 3519
56 3527
56 3533
56 3649
56 3931
56 3937
56 4371
56 4569
56 4570
56 4571
56 4572
56 4575
56 4606
58 59
58 88
58 599
58 600
58 602
58 603
58 694
58 1857
58 1865
58 1871
58 2001
58 2942
58 2944
58 2947
58 2963
58 58
58 2969
58 2970
58 2971
58 3694
58 3695
58 3732
58 3747
58 3757
58 3766
58 3827
58 3918
58 3946
66 67
66 69
66 110
66 439
66 441
66 465
66 468
66 470
66 472
66 473
66 474
66 478
66 480
66 485
66 490
66 491
66 492
66 500
66 1455
66 1456
66 1457
66 1458
66 1459
66 1460
66 1461
66 1462
66 1463
66 1464
66 1468
66 1469
66 1470
66 1471
66 1472
66 1473
66 1275
66 1475
66 1476
66 1478
66 1479
66 1482
66 1508
66 1516
66 1620
66 1791
66 1792
66 1794
66 1801
66 1803
66 1808
66 1812
66 1819
66 1820
66 1825
66 1851
66 1868
66 1870
66 1880
66 1895
66 1896
66 2256
66 2388
66 2469
66 2565
66 2710
66 2715
66 2720
66 2740
66 2821
66 2837
66 2838
66 2839
66 2840
66 2841
66 2856
66 2861
66 2867
66 2872
66 2879
66 2794
66 2958
66 2979
66 2994
66 3034
66 3596
66 3598
66 3600
66 3648
66 3692
66 3911
66 3920
66 3947
66 4025
66 4038
66 4351
66 4361
66 4370
66 4450
66 4505
66 4510
66 4565
76 77
76 78
76 79
76 80
76 81
76 82
76 83
76 84
76 85
76 86
76 87
76 89
76 90
76 91
76 92
76 93
76 94
76 96
76 97
76 98
76 99
76 100
76 101
76 102
76 103
76 104
76 105
76 106
76 107
76 109
76 111
76 112
76 115
76 116
76 117
76 119
76 120
76 121
76 122
76 125
76 126
76 127
76 128
76 129
76 131
76 132
76 133
76 134
76 135
76 140
76 141
76 142
76 143
76 144
76 145
76 146
76 150
76 152
76 155
76 158
76 160
76 161
76 162
76 237
76 243
76 254
76 255
76 256
76 262
76 292
76 294
76 325
76 327
76 346
76 377
76 392
76 393
76 394
76 395
76 396
76 397
76 398
76 399
76 402
76 403
76 405
76 406
76 407
76 412
76 419
76 426
76 427
76 435
76 437
76 440
76 446
76 454
76 469
76 482
76 484
76 496
76 499
76 528
76 529
76 530
76 531
76 532
76 533
76 534
76 536
76 537
76 538
76 539
76 542
76 543
76 544
76 545
76 546
76 547
76 548
76 549
76 551
76 552
76 553
76 554
76 555
76 557
76 558
76 559
76 560
76 562
76 564
76 566
76 567
76 568
76 569
76 573
76 574
76 575
76 578
76 579
76 581
76 582
76 583
76 584
76 585
76 587
76 588
76 590
76 591
76 592
76 595
76 601
76 604
76 606
76 607
76 750
76 766
76 767
76 768
76 769
76 770
76 772
76 776
76 778
76 779
76 780
76 781
76 782
76 783
76 784
76 787
76 794
76 795
76 797
76 798
76 803
76 806
76 812
76 813
76 815
76 816
76 818
76 824
76 831
76 836
76 837
76 838
76 925
76 946
76 949
76 1054
76 1082
76 1088
76 1092
76 1138
76 1281
76 1324
76 1351
76 1434
76 1485
76 2037
76 2052
76 2053
76 2054
76 2189
76 2346
76 2347
76 2349
76 2353
76 2355
76 2356
76 2360
76 2363
76 2365
76 2367
76 2369
76 2375
76 2379
76 2382
76 2385
76 2386
76 2389
76 2391
76 2392
76 2393
76 2401
76 2405
76 2413
76 2418
76 2422
76 2436
76 2439
76 2442
76 2448
76 2452
76 2454
76 2467
76 2468
76 2473
76 2507
76 2519
76 2562
76 2564
76 2708
76 2716
76 2719
76 2721
76 2727
76 2729
76 2742
76 2751
76 2753
76 2756
76 2757
76 2773
76 2791
76 2793
76 2802
76 2814
76 2819
76 2892
76 2907
76 2908
76 2929
76 2964
76 2968
76 2974
76 3013
76 3103
76 3280
76 3327
76 3328
76 3335
76 3348
76 3372
76 3379
76 3382
76 3389
76 3399
76 3404
76 3415
76 3438
76 3453
76 3456
76 3513
76 3546
76 3553
76 3569
76 3572
76 3588
76 3613
76 3615
76 3616
76 3617
76 3618
76 3619
76 3620
76 3621
76 3622
76 3623
76 3624
76 3625
76 3626
76 3628
76 3629
76 3630
76 3631
76 3632
76 3633
76 3634
76 3635
76 3636
76 3637
76 3639
76 3640
76 3641
76 3642
76 3643
76 3644
76 3646
76 3647
76 3650
76 3651
76 3652
76 3653
76 3654
76 3656
76 3658
76 3660
76 3661
76 3663
76 3666
76 3668
76 3671
76 3673
76 3675
76 3676
76 3679
76 3680
76 3683
76 3688
76 3689
76 3696
76 3716
76 3717
76 3718
76 3720
76 3721
76 3722
76 3723
76 3724
76 3725
76 3729
76 3731
76 3733
76 3736
76 3738
76 3739
76 3740
76 3749
76 3750
76 3751
76 3755
76 3769
76 3772
76 3773
76 3775
76 3778
76 3779
76 3783
76 3794
76 3799
76 3800
76 3802
76 3805
76 3809
76 3811
76 3812
76 3813
76 3820
76 3822
76 3825
76 3828
76 3830
76 3831
76 3834
76 3837
76 3838
76 3839
76 3840
76 3846
76 3848
76 3865
76 3873
76 3899
76 3924
76 3928
76 3929
76 3932
76 3943
76 3948
76 3950
76 3990
76 3991
76 4020
76 4027
76 4036
76 4045
76 4048
76 4068
76 4079
76 4090
76 4094
76 4095
76 4096
76 4097
76 4098
76 4099
76 4100
76 4101
76 4102
76 1729
76 4103
76 4104
76 4105
76 4106
76 4107
76 4108
76 4109
76 4110
76 4111
76 4112
76 4113
76 4114
76 4116
76 4117
76 4118
76 4119
76 4120
76 4121
76 4123
76 4124
76 4130
76 4134
76 4139
76 4142
76 4144
76 4153
76 4158
76 4167
76 4170
76 4179
76 4183
76 4191
76 4220
76 4234
76 4235
76 4279
76 4286
76 4340
76 4365
76 4367
76 4374
76 4378
76 4382
76 4458
76 4464
76 4474
76 4509
76 4512
76 4514
76 4525
76 4528
76 4579
76 4580
76 4581
76 4582
76 4583
76 4584
76 4585
76 4586
76 4587
76 4588
76 4589
76 4590
76 4591
76 4592
76 4593
76 4594
76 4596
76 4597
76 4598
76 4599
76 4600
76 4602
76 4604
76 4605
76 4607
76 4609
76 4610
76 4611
76 4612
76 4616
76 4619
76 4622
76 4624
76 4625
76 4629
76 4630
76 4631
76 4632
76 4635
76 4636
76 4638
137 138
137 139
137 153
137 159
137 610
137 715
137 1109
137 1110
137 1111
137 1121
137 1145
137 1428
137 1429
137 1431
137 4563
165 166
165 167
165 168
165 169
165 170
165 171
165 172
165 173
165 174
165 175
165 176
165 177
165 178
165 179
165 180
165 181
165 182
165 183
165 184
165 185
165 186
165 187
165 188
165 189
165 190
165 191
165 192
165 193
165 194
165 195
165 196
165 197
165 198
165 199
165 200
165 201
165 204
165 205
165 206
165 208
165 209
165 210
165 211
165 212
165 213
165 214
165 215
165 216
165 217
165 218
165 219
165 220
165 221
165 222
165 223
165 224
165 225
165 226
165 227
165 228
165 229
165 230
165 231
165 232
165 233
165 235
165 238
165 239
165 240
165 242
165 244
165 245
165 246
165 247
165 248
165 250
165 251
165 252
165 253
165 257
165 258
165 259
165 260
165 261
165 263
165 264
165 265
165 266
165 267
165 268
165 269
165 270
165 272
165 278
165 281
165 282
165 283
165 284
165 285
165 291
165 293
165 297
165 298
165 299
165 300
165 301
165 302
165 303
165 304
165 305
165 306
165 307
165 308
165 309
165 310
165 311
165 312
165 313
165 314
165 315
165 316
165 317
165 318
165 319
165 320
165 321
165 322
165 323
165 324
165 326
165 328
165 329
165 330
165 331
165 332
165 333
165 334
165 336
165 338
165 339
165 340
165 341
165 342
165 343
165 347
165 350
165 351
165 352
165 353
165 354
165 355
165 356
165 357
165 358
165 359
165 360
165 362
165 370
165 375
165 378
165 379
165 385
165 386
165 391
165 400
165 404
165 408
165 409
165 410
165 411
165 414
165 416
165 431
165 432
165 448
165 452
165 455
165 457
165 458
165 466
165 535
165 611
165 612
165 613
165 614
165 615
165 616
165 617
165 618
165 619
165 620
165 621
165 622
165 623
165 624
165 625
165 626
165 627
165 628
165 629
165 630
165 631
165 632
165 633
165 634
165 635
165 636
165 637
165 638
165 639
165 640
165 642
165 643
165 644
165 645
165 646
165 647
165 649
165 650
165 651
165 652
165 653
165 654
165 655
165 656
165 657
165 658
165 659
165 660
165 661
165 662
165 663
165 664
165 665
165 666
165 667
165 668
165 669
165 688
165 696
165 725
165 729
165 734
165 739
165 746
165 765
165 773
165 820
165 821
165 822
165 823
165 843
165 844
165 845
165 846
165 847
165 848
165 849
165 850
165 851
165 852
165 853
165 854
165 855
165 856
165 857
165 858
165 859
165 860
165 861
165 862
165 863
165 864
165 865
165 866
165 867
165 868
165 869
165 870
165 871
165 872
165 873
165 874
165 875
165 876
165 877
165 878
165 879
165 880
165 881
165 882
165 883
165 884
165 885
165 886
165 887
165 888
165 889
165 893
165 894
165 895
165 896
165 897
165 899
165 900
165 901
165 902
165 904
165 905
165 906
165 907
165 908
165 909
165 910
165 911
165 912
165 913
165 914
165 915
165 916
165 917
165 918
165 919
165 920
165 921
165 922
165 923
165 926
165 929
165 930
165 931
165 932
165 935
165 936
165 937
165 939
165 940
165 941
165 942
165 948
165 988
165 990
165 992
165 995
165 997
165 1000
165 1038
165 1043
165 1049
165 1056
165 1067
165 1073
165 1094
165 1102
165 1104
165 1107
165 1133
165 1148
165 1149
165 1150
165 1151
165 1152
165 1153
165 1154
165 1155
165 1156
165 1157
165 1158
165 1159
165 1160
165 1161
165 1162
165 1163
165 1164
165 1165
165 1166
165 1167
165 1168
165 1169
165 1170
165 1171
165 1172
165 1173
165 1174
165 1175
165 1176
165 1177
165 1178
165 1179
165 1180
165 1181
165 1182
165 1183
165 1185
165 1186
165 1187
165 1188
165 1189
165 1190
165 1192
165 1193
165 1194
165 1195
165 1196
165 1197
165 1198
165 1199
165 1200
165 1201
165 1202
165 1203
165 1204
165 1205
165 1206
165 1208
165 1209
165 1210
165 1211
165 1212
165 1213
165 1214
165 1215
165 1216
165 1217
165 1218
165 1219
165 1220
165 1221
165 1222
165 1223
165 1224
165 1226
165 1227
165 1228
165 1229
165 1230
165 1231
165 1232
165 1233
165 1234
165 1235
165 1236
165 1237
165 1238
165 1239
165 1240
165 1241
165 1242
165 1243
165 1244
165 1245
165 1246
165 1247
165 1248
165 1249
165 1250
165 1251
165 1252
165 1253
165 1254
165 1255
165 1256
165 1257
165 1258
165 1259
165 1260
165 1261
165 1262
165 1263
165 1264
165 1265
165 1267
165 1268
165 1270
165 1271
165 1272
165 1273
165 1274
165 1275
165 1276
165 1277
165 1278
165 1279
165 1280
165 1282
165 1283
165 1284
165 1285
165 1286
165 1287
165 1288
165 1290
165 1291
165 1292
165 1293
165 1294
165 1295
165 1296
165 1297
165 1299
165 1300
165 1301
165 1303
165 1304
165 1305
165 1306
165 1307
165 1308
165 1309
165 1310
165 1312
165 1313
165 1325
165 1326
165 1327
165 1330
165 1343
165 1375
165 1418
165 1452
165 1911
165 1912
165 1913
165 1914
165 1915
165 1916
165 1917
165 1918
165 1919
165 1920
165 1921
165 1922
165 1923
165 1924
165 1925
165 1926
165 1927
165 1928
165 1929
165 1930
165 1931
165 1932
165 1933
165 1934
165 1935
165 1936
165 1937
165 1938
165 1939
165 1940
165 1941
165 1942
165 1943
165 1944
165 1945
165 1946
165 1947
165 1948
165 1949
165 1950
165 1951
165 1952
165 1953
165 1954
165 1955
165 1956
165 1957
165 1958
165 1959
165 1960
165 1961
165 1962
165 1963
165 1964
165 1965
165 1966
165 1967
165 1968
165 1969
165 1970
165 1971
165 1972
165 1973
165 1974
165 1975
165 1976
165 1977
165 1978
165 1979
165 1980
165 1981
165 1982
165 1983
165 1984
165 1985
165 1986
165 1987
165 1988
165 1989
165 1990
165 1991
165 1992
165 1994
165 1996
165 1997
165 1998
165 1999
165 2000
165 2002
165 2003
165 2005
165 2006
165 2008
165 2009
165 2010
165 2011
165 2012
165 2013
165 2016
165 2018
165 2019
165 2020
165 2021
165 2022
165 2024
165 2025
165 2026
165 2027
165 2029
165 2030
165 2031
165 2035
165 2038
165 2043
165 2045
165 2046
165 2049
165 2050
165 2128
165 2142
165 2164
165 2201
165 2268
165 2279
165 2304
165 2400
165 2404
165 2411
165 2458
165 2476
165 2480
165 2492
165 2656
165 2724
165 2731
165 2815
165 2886
165 2972
165 3667
165 3818
165 3847
165 4314
289 290
289 2222
289 2779
344 345
344 800
344 825
344 1316
344 1322
344 1328
344 2555
344 2614
344 2616
344 2618
344 2619
344 2620
344 2621
344 2622
344 2623
344 2624
344 2625
344 2626
344 2627
344 2629
344 2630
344 2631
344 2632
344 2633
344 2636
344 2637
344 2638
344 2639
344 2640
344 2641
344 2644
344 2650
344 2654
344 2661
344 2676
344 2683
344 2690
344 2692
344 2699
344 2700
344 2702
344 2705
344 2712
344 2728
344 2736
344 2738
344 2789
344 3292
344 3400
344 3401
344 3410
344 3414
344 3416
344 3417
344 3418
344 3419
344 3420
344 3423
344 3425
344 3427
344 3428
344 3429
344 3430
344 3433
344 3662
364 365
364 366
364 367
364 368
364 371
364 372
364 373
364 374
364 376
364 380
364 382
364 383
364 384
364 387
364 388
364 390
364 413
364 415
364 420
364 424
364 436
364 438
364 442
364 444
364 447
364 449
364 450
364 451
364 453
364 456
364 459
364 464
364 476
364 479
364 488
364 495
364 497
364 498
364 501
364 503
364 550
364 556
364 561
364 565
364 593
364 608
364 944
364 945
364 951
364 1090
364 1096
364 1117
364 1118
364 1119
364 1120
364 1122
364 1123
364 1124
364 1125
364 1127
364 1135
364 1141
364 2440
388 993
540 541
540 609
540 828
540 829
540 830
540 832
540 834
540 835
540 839
540 840
540 2190
540 2945
540 2948
540 2960
540 2965
540 3664
540 3674
540 3677
540 3867
556 993
570 571
570 577
570 605
570 2799
570 3921
613 993
890 891
890 892
890 898
890 903
890 924
890 927
890 928
890 933
890 934
890 938
890 947
890 950
890 1076
890 1269
890 1371
890 2464
890 2563
890 3005
952 953
952 954
952 955
952 956
952 957
952 958
952 959
952 960
952 962
952 963
952 964
952 965
952 966
952 967
952 968
952 969
952 970
952 971
952 972
952 973
952 974
952 975
952 976
952 977
952 978
952 979
952 980
952 981
952 982
952 983
952 984
952 985
952 986
952 987
952 989
952 991
952 1007
952 1013
952 1018
952 1024
952 1025
952 1026
952 1077
952 1079
952 1080
952 1115
952 1126
952 1129
952 1130
993 994
993 996
993 998
993 999
993 1001
993 1002
993 1003
993 1004
993 1005
993 1006
993 1008
993 1009
993 1010
993 1011
993 1012
993 1014
993 1015
993 1016
993 1017
993 1019
993 1020
993 1021
993 1022
993 1023
993 1027
993 1028
993 1029
993 1030
993 1031
993 1032
993 1033
993 1034
993 1035
993 1037
993 1039
993 1040
993 1041
993 1042
993 1044
993 1045
993 1046
993 1047
993 1048
993 1050
993 1051
993 1052
993 1053
993 1055
993 1057
993 1058
993 1061
993 1062
993 1063
993 1064
993 1066
993 1068
993 1069
993 1070
993 1072
993 1074
993 1075
993 1078
993 1081
993 1084
993 1085
993 1086
993 1087
993 1089
993 1091
993 1093
993 1095
993 1097
993 1098
993 1100
993 1101
993 1103
993 1105
993 1106
993 1108
993 1113
993 1114
993 1128
993 1131
993 1132
993 1134
993 1143
993 1147
993 1191
993 1318
993 1331
993 1332
993 1374
993 1409
993 1432
993 1448
993 1467
993 1481
993 1488
993 1519
993 1520
993 1628
993 1629
993 1631
993 1632
993 1633
993 1634
993 1635
993 1636
993 1638
993 1639
993 1640
993 1641
993 1642
993 1643
993 1644
993 1645
993 1646
993 1647
993 1648
993 1649
993 1650
993 1651
993 1652
993 1653
993 1654
993 1655
993 1656
993 1657
993 1660
993 1661
993 1662
993 1663
993 1664
993 1665
993 1666
993 1667
993 1668
993 1669
993 1670
993 1671
993 1672
993 1673
993 1674
993 1675
993 1676
993 1678
993 1679
993 1680
993 1681
993 1682
993 1683
993 1684
993 1685
993 1686
993 1687
993 1688
993 1690
993 1691
993 1692
993 1693
993 1694
993 1695
993 1696
993 1697
993 1699
993 1700
993 1701
993 1702
993 1703
993 1704
993 1705
993 1706
993 1707
993 1708
993 1709
993 1710
993 1711
993 1712
993 1713
993 1714
993 1715
993 1716
993 1717
993 1718
993 1719
993 1720
993 1721
993 1722
993 1723
993 1724
993 1725
993 1726
993 1727
993 1728
993 1729
993 1730
993 1731
993 1732
993 1733
993 1734
993 1735
993 1737
993 1738
993 1739
993 1740
993 1741
993 1742
993 1743
993 1744
993 1745
993 1746
993 1747
993 1748
993 1749
993 1750
993 1751
993 1752
993 1753
993 1754
993 1755
993 1756
993 1757
993 1758
993 1759
993 1760
993 1761
993 1762
993 1763
993 1764
993 1765
993 1766
993 1767
993 1769
993 1770
993 1771
993 1772
993 1773
993 1774
993 1775
993 1776
993 1777
993 1779
993 1780
993 1781
993 1782
993 1783
993 1784
993 1785
993 1786
993 1787
993 1788
993 1789
993 1790
993 1793
993 1795
993 1796
993 1797
993 1799
993 1802
993 1804
993 1806
993 1807
993 1810
993 1811
993 1813
993 1814
993 1815
993 1816
993 1817
993 1818
993 1821
993 1822
993 1823
993 1827
993 1828
993 1829
993 1830
993 1832
993 1833
993 1834
993 1835
993 1837
993 1838
993 1839
993 1841
993 1842
993 1843
993 1844
993 1846
993 1847
993 1848
993 1849
993 1850
993 1852
993 1853
993 1854
993 1855
993 1858
993 1859
993 1860
993 1862
993 1863
993 1866
993 1867
993 1869
993 1874
993 1875
993 1876
993 1877
993 1883
993 1885
993 1886
993 1888
993 1889
993 1890
993 1892
993 1894
993 1898
993 1899
993 1900
993 1901
993 1902
993 1903
993 1904
993 1906
993 1908
993 1909
993 1910
993 1993
993 2015
993 2028
993 2040
993 2042
993 2044
993 2047
993 2107
993 2261
993 2276
993 2459
993 2466
993 2484
993 2494
993 2495
993 2496
993 2497
993 2498
993 2500
993 2504
993 2506
993 2512
993 2516
993 2532
993 2552
993 2595
993 2596
993 2606
993 2607
993 2608
993 2609
993 2611
993 2613
993 2628
993 2642
993 2643
993 2664
993 2675
993 2687
993 2695
993 2718
993 2732
993 2734
993 2739
993 2743
993 2749
993 2752
993 2776
993 2895
993 2897
993 2898
993 2899
993 2905
993 2909
993 2935
993 2936
993 2940
993 2951
993 2954
993 2966
993 2978
993 2980
993 2981
993 2985
993 2986
993 2987
993 2988
993 2989
993 2990
993 2991
993 2992
993 2993
993 2995
993 2996
993 2997
993 2998
993 2999
993 3000
993 3001
993 3002
993 3003
993 3004
993 3007
993 3009
993 3010
993 3011
993 3012
993 3014
993 3015
993 3017
993 3018
993 3019
993 3020
993 3021
993 3026
993 3027
993 3028
993 3029
993 3030
993 3031
993 3032
993 3033
993 3035
993 3037
993 3077
993 3092
993 3315
993 3340
993 3440
993 3441
993 3446
993 3449
993 3454
993 3459
993 3470
993 3474
993 3479
993 3482
993 3483
993 3484
993 3485
993 3486
993 3488
993 3493
993 3500
993 3507
993 3526
993 3532
993 3534
993 3535
993 3536
993 3537
993 3538
993 3539
993 3540
993 3541
993 3542
993 3543
993 3544
993 3547
993 3548
993 3549
993 3550
993 3551
993 3552
993 3554
993 3555
993 3556
993 3557
993 3558
993 3559
993 3560
993 3565
993 3566
993 3570
993 3571
993 3593
993 3599
993 3606
993 3614
993 3659
993 3665
993 3669
993 3670
993 3672
993 3681
993 3685
993 3687
993 3844
993 3845
993 3881
993 3889
993 3914
993 3926
993 3938
993 3942
993 3995
993 4083
993 4084
993 4085
993 4086
993 4087
993 4088
993 4089
993 4093
993 4229
993 4241
993 4242
993 4243
993 4244
993 4245
993 4246
993 4247
993 4248
993 4249
993 4250
993 4251
993 4252
993 4256
993 4257
993 4258
993 4259
993 4270
993 4273
993 4274
993 4275
993 4276
993 4278
993 4280
993 4281
993 4282
993 4283
993 4285
993 4287
993 4288
993 4295
993 4303
993 4305
993 4309
993 4312
993 4315
993 4319
993 4320
993 4323
993 4325
993 4334
993 4362
993 4379
993 4430
993 4463
993 4468
993 4516
993 4567
993 4568
1136 1137
1136 1142
1136 1483
1136 2730
1136 3024
1136 3452
1287 2059
2059 2060
2059 2065
2059 2070
2059 2075
2059 2077
2059 2081
2059 2084
2059 2086
2059 2094
2059 2095
2059 2098
2059 2099
2059 2102
2059 2104
2059 2105
2059 2112
2059 2123
2059 2124
2059 2133
2059 2140
2059 2144
2059 2148
2059 2154
2059 2156
2059 2158
2059 2159
2059 2161
2059 2163
2059 2170
2059 2172
2059 2174
2059 2176
2059 2177
2059 2178
2059 2181
2059 2186
2059 2193
2059 2198
2059 2202
2059 2203
2059 2204
2059 2205
2059 2206
2059 2207
2059 2208
2059 2209
2059 2210
2059 2211
2059 2212
2059 2214
2059 2215
2059 2216
2059 2217
2059 2218
2059 2219
2059 2223
2059 2224
2059 2225
2059 2226
2059 2227
2059 2229
2059 2230
2059 2231
2059 2232
2059 2234
2059 2235
2059 2236
2059 2238
2059 2239
2059 2241
2059 2242
2059 2243
2059 2246
2059 2247
2059 2248
2059 2249
2059 2250
2059 2251
2059 2252
2059 2253
2059 2254
2059 2255
2059 2257
2059 2258
2059 2260
2059 2262
2059 2264
2059 2266
2059 2270
2059 2273
2059 2277
2059 2278
2059 2281
2059 2290
2059 2295
2059 2296
2059 2297
2059 2298
2059 2301
2059 2306
2059 2310
2059 2311
2059 2316
2059 2325
2059 2326
2059 2328
2059 2329
2059 2330
2059 2332
2059 2335
2059 2336
2059 2339
2059 2342
2059 2343
2059 2345
2059 2350
2059 2352
2059 2354
2059 2357
2059 2364
2059 2366
2059 2370
2059 2372
2059 2374
2059 2376
2059 2378
2059 2380
2059 2381
2059 2383
2059 2390
2059 2395
2059 2397
2059 2399
2059 2403
2059 2406
2059 2412
2059 2414
2059 2415
2059 2416
2059 2417
2059 2420
2059 2421
2059 2424
2059 2425
2059 2426
2059 2427
2059 2431
2059 2432
2059 2433
2059 2434
2059 2437
2059 2438
2059 2443
2059 2444
2059 2445
2059 2449
2059 2450
2059 2451
2059 2456
2059 2457
2059 2462
2059 2463
2059 2465
2059 2470
2059 2472
2059 2475
2059 2477
2059 2478
2059 2481
2059 2482
2059 2485
2059 2487
2059 2488
2059 2490
2059 2499
2059 2501
2059 2502
2059 2510
2059 2517
2059 2535
2059 2567
2059 2570
2059 2600
2059 2615
2059 2635
2059 2682
2059 2714
2059 2723
2059 2725
2059 2747
2059 2750
2059 2755
2059 2758
2059 2797
2059 2806
2059 2885
2059 2983
2059 3016
2059 3036
2059 3424
2059 3442
2059 3443
2059 3564
2059 3567
2059 4078
2059 4082
2059 4603
2759 2760
2759 2761
2759 2762
2759 2763
2759 2764
2759 2765
2759 2766
2759 2767
2759 2768
2759 2770
2759 2780
2759 2781
2759 2782
2759 2783
2784 2785
2784 2786
2784 2790
2784 2792
2784 2794
2784 2798
2784 3525
2808 2809
2808 2810
2808 2811
2808 2812
2808 2813
2808 2816
2808 2818
2808 2822
2808 2824
2808 2825
2808 2826
2808 2827
2808 2828
2808 2829
2808 2830
2808 2831
2808 2832
2808 2833
2808 2834
2808 2835
2808 2836
2808 2842
2808 2843
2808 2844
2808 2845
2808 2846
2808 2848
2808 2849
2808 2851
2808 2852
2808 2853
2808 2854
2808 2855
2808 2857
2808 2858
2808 2859
2808 2860
2808 2862
2808 2863
2808 2864
2808 2865
2808 2866
2808 2868
2808 2869
2808 2870
2808 2871
2808 2873
2808 2874
2808 2875
2808 2876
2808 2877
2808 2878
2808 2880
2808 2881
2808 2882
2808 2883
2808 2884
2808 2887
2808 2888
2808 2890
2808 2891
2808 2893
2808 2896
2808 2900
2808 2901
2808 2902
2808 2903
2808 2906
2808 2917
2808 2920
2808 2928
2808 2932
2808 2933
2808 2937
2808 2941
2808 2953
2808 2959
2808 2967
2808 3006
2808 3008
2808 3022
2808 3388
2808 3439
2808 3518
2808 3521
2808 3522
2808 3933
2808 3940
2808 4375
2808 4535
3460 3461
3460 3462
3460 3463
3460 3464
3460 3465
3460 3466
3460 3467
3460 3468
3460 3469
3460 3471
3460 3472
3460 3473
3460 3475
3460 3476
3460 3477
3460 3478
3460 3480
3460 3481
3460 3489
3460 3499
3460 3514
3460 3516
3460 3517
3460 3520
3460 3523
3460 3524
