0 1
0 2
0 3
0 12
0 18
0 19
0 20
0 22
0 25
0 27
0 28
0 29
0 30
0 32
0 33
0 35
0 38
0 39
0 40
0 41
0 42
0 44
0 45
0 47
0 52
0 55
0 82
0 83
0 93
0 94
0 102
0 106
0 107
0 108
0 109
0 110
0 113
0 115
0 116
0 117
0 118
0 119
0 120
0 121
0 122
0 123
0 124
0 125
0 126
0 128
0 129
0 130
0 131
0 132
0 133
0 134
0 135
0 136
0 137
0 138
0 139
0 140
0 142
0 143
0 149
0 150
0 152
0 154
0 155
0 156
0 157
0 158
0 159
0 163
0 164
0 165
0 174
0 175
0 178
0 179
0 181
0 182
0 184
0 185
0 188
0 189
0 190
0 191
0 193
0 197
0 198
0 199
0 235
0 250
0 252
0 254
0 255
0 280
0 282
0 283
0 284
0 285
0 287
0 288
0 289
0 290
0 291
0 292
0 294
0 295
0 296
0 297
0 299
0 301
0 302
0 303
0 304
0 305
0 306
0 307
0 308
0 309
0 310
0 311
0 312
0 313
0 317
0 319
0 323
0 326
0 330
0 340
0 342
0 344
0 352
0 355
0 357
0 359
0 360
0 361
0 362
0 363
0 366
0 376
0 377
0 378
0 382
0 386
0 393
0 398
0 399
0 402
0 403
0 404
0 405
0 410
0 411
0 414
0 415
0 416
0 417
0 419
0 420
0 421
0 422
0 423
0 424
0 425
0 426
0 428
0 429
0 430
0 431
0 433
0 435
0 441
0 444
0 452
0 459
0 474
0 481
0 483
0 492
0 500
0 615
0 638
0 647
0 648
0 226
0 650
0 658
0 661
0 664
0 673
0 674
0 774
0 981
0 1066
0 1067
0 1069
0 1071
0 1091
0 1101
0 1106
0 1124
0 1134
0 1182
0 1191
0 1195
0 1201
0 1208
0 1213
0 1417
0 1454
0 1513
0 1524
0 1540
0 1541
0 1542
0 1543
0 1544
0 1545
0 1546
0 1547
0 1548
0 1549
0 1551
0 1552
0 1553
0 1554
0 1555
0 1556
0 1557
0 1558
0 1559
0 1560
0 1561
0 1562
0 1563
0 1564
0 1565
0 1566
0 1567
0 1568
0 1569
0 1570
0 1571
0 1572
0 1576
0 1577
0 1582
0 1587
0 1589
0 1591
0 1592
0 1594
0 1597
0 1599
0 1600
0 1601
0 1602
0 1604
0 1607
0 1609
0 1610
0 1611
0 1612
0 1613
0 1618
0 1621
0 1627
0 1630
0 1636
0 1637
0 1638
0 1682
0 1691
0 1692
0 1699
0 1736
0 1754
0 1857
0 1878
0 1982
0 1987
0 1994
0 2069
0 2074
0 2083
0 2086
0 2172
0 2312
0 2337
0 2897
0 2925
0 3072
0 3169
0 3236
0 3496
0 3522
0 3574
0 3584
0 3586
0 3587
0 3588
0 3599
0 3600
0 3602
0 3606
0 3618
0 3619
0 3620
0 3623
0 3625
0 3628
0 3630
0 3635
0 3645
0 1145
0 3655
0 3658
0 3665
0 3735
0 3815
0 3818
0 3820
0 3857
0 3859
0 3864
0 3875
0 4090
0 4101
0 4221
0 4274
0 4294
0 4304
0 4309
0 4315
0 4366
0 4381
0 4766
0 4822
0 4825
0 4891
0 4893
0 5164
0 5181
0 5195
0 5424
0 5430
0 5472
0 5845
0 5846
0 5850
0 5851
0 5852
0 5855
0 5856
0 5859
0 5860
0 5861
0 5862
0 5863
0 5867
0 5868
0 5869
0 5871
0 5873
0 5875
0 5876
0 5877
0 5879
0 5880
0 5881
0 5882
4 5
4 23
4 34
4 43
4 49
4 56
4 57
4 58
4 61
4 80
4 101
4 103
4 105
4 127
4 146
4 147
4 148
4 151
4 153
4 161
4 162
4 183
4 192
4 203
4 273
4 293
4 369
4 380
4 385
4 412
4 439
4 461
4 470
4 472
4 480
4 489
4 583
4 590
4 619
4 672
4 683
4 684
4 685
4 686
4 687
4 688
4 689
4 690
4 691
4 692
4 693
4 694
4 695
4 696
4 697
4 698
4 699
4 700
4 701
4 702
4 703
4 704
4 705
4 706
4 707
4 708
4 709
4 710
4 711
4 712
4 713
4 714
4 715
4 716
4 717
4 718
4 719
4 720
4 721
4 722
4 723
4 724
4 725
4 726
4 727
4 728
4 729
4 730
4 731
4 732
4 733
4 734
4 735
4 736
4 737
4 738
4 739
4 743
4 744
4 745
4 746
4 747
4 749
4 750
4 751
4 752
4 753
4 754
4 755
4 756
4 757
4 758
4 759
4 760
4 761
4 762
4 763
4 764
4 765
4 766
4 767
4 768
4 769
4 770
4 771
4 772
4 773
4 776
4 777
4 778
4 779
4 780
4 781
4 782
4 783
4 784
4 785
4 786
4 787
4 788
4 789
4 790
4 791
4 792
4 793
4 797
4 870
4 885
4 894
4 902
4 911
4 913
4 926
4 928
4 931
4 935
4 936
4 937
4 938
4 944
4 945
4 946
4 949
4 950
4 951
4 952
4 955
4 956
4 957
4 986
4 987
4 990
4 991
4 993
4 995
4 998
4 999
4 1000
4 1008
4 1009
4 1012
4 1013
4 1014
4 1016
4 1017
4 1018
4 1019
4 1020
4 1021
4 1023
4 1024
4 1025
4 1026
4 1027
4 1028
4 1050
4 1051
4 1052
4 1056
4 1062
4 1070
4 1073
4 1074
4 1076
4 1077
4 1078
4 1081
4 1088
4 1097
4 1100
4 1107
4 1113
4 1114
4 1117
4 1139
4 1146
4 1155
4 1157
4 1160
4 1168
4 1169
4 1175
4 1178
4 1180
4 1181
4 1183
4 1190
4 1192
4 1193
4 1196
4 1209
4 1210
4 1211
4 1212
4 1214
4 1215
4 1216
4 1217
4 1218
4 1219
4 1220
4 1223
4 1228
4 1229
4 1230
4 1232
4 1235
4 1239
4 1240
4 1241
4 1243
4 1244
4 1245
4 1246
4 1249
4 1251
4 1252
4 1254
4 1256
4 1257
4 1258
4 1260
4 1261
4 1262
4 1263
4 1264
4 1265
4 1269
4 1367
4 1390
4 1413
4 1421
4 1504
4 1519
4 1537
4 1654
4 1741
4 1746
4 1747
4 1748
4 1751
4 1752
4 1756
4 1763
4 1772
4 1773
4 1775
4 1778
4 1858
4 1859
4 1860
4 1861
4 1862
4 1863
4 1864
4 1867
4 1868
4 1869
4 1870
4 1871
4 1872
4 1873
4 1874
4 1875
4 1877
4 1879
4 1880
4 1881
4 1882
4 1883
4 1884
4 1885
4 1886
4 1887
4 1888
4 1889
4 1890
4 1892
4 1893
4 1894
4 1895
4 1896
4 1897
4 1898
4 1899
4 1901
4 1904
4 1906
4 1907
4 1908
4 1910
4 1911
4 1912
4 1913
4 1914
4 1915
4 1917
4 1918
4 1919
4 1920
4 1921
4 1922
4 1923
4 1925
4 1926
4 1927
4 1928
4 1929
4 1930
4 1931
4 1932
4 1933
4 1934
4 1935
4 1936
4 1937
4 1938
4 1939
4 1940
4 1941
4 1942
4 1943
4 1944
4 1945
4 1946
4 1947
4 1948
4 1949
4 1950
4 1951
4 1952
4 1953
4 1954
4 1955
4 1956
4 1957
4 1958
4 1959
4 1960
4 1961
4 1963
4 1964
4 1965
4 1968
4 1969
4 1971
4 1974
4 1975
4 1976
4 1977
4 1978
4 1979
4 1981
4 1983
4 1984
4 1985
4 1986
4 1988
4 1989
4 1992
4 1993
4 1995
4 1996
4 1997
4 2029
4 2030
4 2031
4 2033
4 2035
4 2041
4 2042
4 2047
4 2048
4 2053
4 2056
4 2057
4 2059
4 2077
4 2078
4 2081
4 2082
4 2085
4 2104
4 2136
4 2137
4 2150
4 2160
4 2209
4 2225
4 2298
4 2318
4 2327
4 2332
4 2333
4 2445
4 2531
4 2750
4 2765
4 2803
4 2809
4 2819
4 2825
4 2849
4 2876
4 2886
4 2889
4 2965
4 2966
4 3110
4 3153
4 3223
4 3237
4 3275
4 3298
4 3302
4 3304
4 3305
4 3306
4 3307
4 3308
4 3309
4 3310
4 3311
4 3312
4 3313
4 3314
4 3315
4 3316
4 3317
4 3318
4 3319
4 3320
4 3321
4 3322
4 3323
4 3324
4 3325
4 3326
4 3327
4 3328
4 3329
4 3330
4 3331
4 3332
4 3333
4 3334
4 3335
4 3336
4 3337
4 3338
4 3339
4 3340
4 3341
4 3342
4 3344
4 3345
4 3346
4 3347
4 3348
4 3349
4 3350
4 3351
4 3352
4 3353
4 3354
4 3355
4 3356
4 3357
4 3358
4 3359
4 3360
4 3361
4 3362
4 3363
4 3364
4 3365
4 3366
4 3367
4 3368
4 3369
4 3370
4 3372
4 3373
4 3374
4 3375
4 3376
4 3377
4 3378
4 3379
4 3380
4 3382
4 3383
4 3385
4 3386
4 3387
4 3388
4 3389
4 3390
4 3391
4 3392
4 3393
4 3394
4 3395
4 3396
4 3397
4 3398
4 3399
4 3400
4 3401
4 3402
4 3403
4 3404
4 3405
4 3407
4 3408
4 3410
4 3413
4 3414
4 3415
4 3416
4 3417
4 3418
4 3419
4 3420
4 3423
4 3425
4 3429
4 3431
4 3434
4 3436
4 3439
4 3440
4 3442
4 3444
4 3445
4 3446
4 3448
4 3449
4 3451
4 3452
4 3453
4 3454
4 3455
4 3456
4 3457
4 3459
4 3462
4 3464
4 3465
4 3467
4 3468
4 3469
4 3470
4 3471
4 3473
4 3474
4 3475
4 3477
4 3478
4 3483
4 3487
4 3489
4 3492
4 3495
4 3497
4 3499
4 3500
4 3503
4 3513
4 3517
4 3520
4 3521
4 3525
4 3531
4 3532
4 3534
4 3535
4 3537
4 3538
4 3539
4 3541
4 3558
4 3560
4 3565
4 3567
4 3577
4 3592
4 3594
4 3596
4 3597
4 3601
4 3604
4 3605
4 3609
4 3610
4 3611
4 3612
4 3614
4 3615
4 3616
4 3617
4 3621
4 3622
4 3626
4 3629
4 3631
4 3632
4 3638
4 3639
4 3642
4 3643
4 3646
4 3648
4 3650
4 3652
4 3653
4 3654
4 3656
4 3657
4 3659
4 3660
4 3663
4 3664
4 3666
4 3667
4 3668
4 3670
4 3674
4 3675
4 3677
4 3678
4 3680
4 3682
4 3683
4 3684
4 3687
4 3688
4 3690
4 3691
4 3692
4 3695
4 3737
4 3800
4 3801
4 3803
4 3804
4 3810
4 3814
4 3822
4 3832
4 3836
4 3839
4 3842
4 3845
4 3849
4 3850
4 3860
4 3862
4 3869
4 3870
4 3873
4 3879
4 3880
4 3881
4 3895
4 3896
4 3900
4 3901
4 3904
4 3905
4 3909
4 3915
4 3916
4 3917
4 3923
4 3925
4 3926
4 3927
4 3928
4 3929
4 3930
4 3931
4 3932
4 3934
4 3935
4 3936
4 3938
4 3939
4 3943
4 3946
4 3947
4 3948
4 3950
4 3951
4 3952
4 3953
4 3954
4 3955
4 4017
4 4062
4 4097
4 4102
4 4104
4 4107
4 4110
4 4118
4 4120
4 4195
4 4251
4 4263
4 4268
4 4275
4 4278
4 4283
4 4284
4 4286
4 4287
4 4288
4 4293
4 4296
4 4299
4 4301
4 4308
4 4314
4 4317
4 4319
4 4320
4 4337
4 4349
4 4363
4 4370
4 4371
4 4372
4 4374
4 4376
4 4377
4 4379
4 4382
4 4596
4 4604
4 4723
4 4736
4 4747
4 4748
4 4754
4 4774
4 4775
4 4776
4 4777
4 4778
4 4779
4 4782
4 4783
4 4784
4 4788
4 4789
4 4817
4 4827
4 4830
4 4832
4 4834
4 4845
4 4846
4 4847
4 4848
4 4849
4 4850
4 4851
4 4852
4 4853
4 4854
4 4855
4 4856
4 4857
4 4858
4 4859
4 4860
4 4861
4 4862
4 4863
4 4864
4 4865
4 4866
4 4867
4 4868
4 4870
4 4871
4 4872
4 4873
4 4874
4 4875
4 4876
4 4877
4 4878
4 4879
4 4880
4 4882
4 4883
4 4884
4 4885
4 4886
4 4887
4 4888
4 4889
4 4890
4 4892
4 4894
4 4896
4 4897
4 4898
4 4899
4 4900
4 4901
4 4902
4 4903
4 4904
4 4905
4 4906
4 4907
4 4908
4 4909
4 4910
4 4911
4 4913
4 4914
4 4917
4 4924
4 4942
4 4952
4 4953
4 4956
4 4957
4 4959
4 4960
4 4962
4 4964
4 4982
4 4998
4 5128
4 5132
4 5134
4 5139
4 5157
4 5159
4 5160
4 5179
4 5180
4 5183
4 5185
4 5202
4 5205
4 5220
4 5233
4 5248
4 5327
4 5330
4 5346
4 5351
4 5355
4 5375
4 5422
4 5427
4 5434
4 5442
4 5443
4 5460
4 5469
4 5471
4 5479
4 5482
4 5483
4 5484
4 5495
4 5498
4 5523
4 5554
4 5558
4 5581
4 5582
4 5585
4 5586
4 5766
4 5774
4 5780
4 5781
4 5786
4 5812
4 5819
4 5821
4 5826
4 5832
4 5858
4 5866
4 5883
6 7
6 8
6 13
6 16
6 17
6 21
6 24
6 26
6 31
6 36
6 37
6 46
6 48
6 53
6 59
6 60
6 62
6 63
6 64
6 65
6 66
6 67
6 69
6 70
6 71
6 72
6 73
6 74
6 75
6 76
6 77
6 78
6 79
6 81
6 86
6 97
6 104
6 176
6 187
6 195
6 219
6 221
6 222
6 223
6 226
6 228
6 229
6 234
6 236
6 237
6 239
6 242
6 244
6 245
6 247
6 251
6 278
6 281
6 300
6 321
6 372
6 394
6 438
6 445
6 446
6 447
6 448
6 449
6 450
6 451
6 456
6 467
6 478
6 484
6 499
6 501
6 620
6 641
6 646
6 675
6 954
6 1075
6 1079
6 1102
6 1118
6 1119
6 1120
6 1121
6 1122
6 1123
6 1125
6 1126
6 1127
6 1128
6 1129
6 1130
6 1132
6 1133
6 1135
6 1136
6 1137
6 1138
6 1140
6 1141
6 1142
6 1143
6 1144
6 1145
6 1147
6 1150
6 1153
6 1156
6 1158
6 1161
6 1163
6 1165
6 1170
6 1171
6 1177
6 1188
6 1197
6 1202
6 1204
6 1236
6 1237
6 1242
6 1247
6 1248
6 1255
6 1259
6 1383
6 1385
6 1386
6 1388
6 1389
6 1391
6 1392
6 1393
6 1394
6 1397
6 1398
6 1399
6 1404
6 1405
6 1408
6 1409
6 1414
6 1416
6 1424
6 1429
6 1463
6 1464
6 1465
6 1466
6 1467
6 1468
6 1469
6 1470
6 1471
6 1472
6 1473
6 1475
6 1476
6 1477
6 1478
6 1479
6 1480
6 1481
6 1482
6 1483
6 1485
6 1486
6 1487
6 1488
6 1489
6 1490
6 1491
6 1492
6 1493
6 1494
6 1495
6 1496
6 1498
6 1499
6 1500
6 1501
6 1502
6 1503
6 1505
6 1506
6 1507
6 1508
6 1509
6 1510
6 1511
6 1512
6 1514
6 1516
6 1518
6 1520
6 1521
6 1523
6 1525
6 1527
6 1528
6 1529
6 1530
6 1531
6 1532
6 1533
6 1534
6 1536
6 1550
6 1573
6 1574
6 1575
6 1578
6 1579
6 1580
6 1581
6 1583
6 1584
6 1585
6 1586
6 1588
6 1593
6 1595
6 1596
6 1598
6 1603
6 1606
6 1615
6 1619
6 1625
6 1631
6 1639
6 1688
6 1695
6 1696
6 1705
6 1706
6 1708
6 1711
6 1712
6 1713
6 1715
6 1716
6 1717
6 1718
6 1719
6 1720
6 1721
6 1722
6 1725
6 1726
6 1727
6 1728
6 1731
6 1732
6 1737
6 1743
6 1755
6 1781
6 1782
6 1783
6 1784
6 1785
6 1786
6 1787
6 1788
6 1789
6 1790
6 1791
6 1792
6 1793
6 1794
6 1795
6 1797
6 1798
6 1799
6 1800
6 1801
6 1802
6 1803
6 1804
6 1805
6 1806
6 1807
6 1808
6 1809
6 1810
6 1811
6 1812
6 1813
6 1814
6 1815
6 1816
6 1817
6 1818
6 1819
6 1820
6 1821
6 1822
6 1823
6 1824
6 1825
6 1826
6 1827
6 1828
6 1829
6 1830
6 1831
6 1832
6 1833
6 1834
6 1835
6 1836
6 1837
6 1838
6 1839
6 1840
6 1841
6 1842
6 1843
6 1844
6 1845
6 1846
6 1847
6 1848
6 1850
6 1851
6 1852
6 1853
6 1854
6 1855
6 1856
6 1865
6 1866
6 1876
6 1891
6 1900
6 1902
6 1903
6 1905
6 1909
6 1916
6 1924
6 1962
6 1966
6 1967
6 1970
6 1972
6 1973
6 1980
6 1990
6 1998
6 2051
6 2117
6 2166
6 2167
6 2168
6 2169
6 2170
6 2171
6 2173
6 2174
6 2175
6 2176
6 2178
6 2187
6 2203
6 2204
6 2234
6 2235
6 2236
6 2237
6 2238
6 2239
6 2240
6 2241
6 2242
6 2245
6 2246
6 2249
6 2253
6 2256
6 2258
6 2259
6 2260
6 2261
6 2265
6 2266
6 2268
6 2269
6 2271
6 2274
6 2275
6 2276
6 2277
6 2278
6 2279
6 2280
6 2281
6 2282
6 2283
6 2284
6 2285
6 2286
6 2287
6 2288
6 2289
6 2290
6 2291
6 2292
6 2293
6 2294
6 2296
6 2305
6 2308
6 2309
6 2311
6 2316
6 2317
6 2319
6 2321
6 2322
6 2324
6 2325
6 2328
6 2330
6 2334
6 2338
6 2375
6 2524
6 2553
6 2555
6 2556
6 2557
6 2558
6 2560
6 2561
6 2562
6 2563
6 2564
6 2565
6 2576
6 2579
6 2581
6 2583
6 2585
6 2587
6 2588
6 2609
6 2628
6 2632
6 2633
6 2635
6 2636
6 2637
6 2638
6 2639
6 2640
6 2641
6 2648
6 2649
6 2650
6 2651
6 2652
6 2653
6 2656
6 2658
6 2661
6 2663
6 2666
6 2668
6 2674
6 2680
6 2681
6 2682
6 2687
6 2688
6 2691
6 2693
6 2699
6 2700
6 2702
6 2704
6 2719
6 2732
6 2735
6 2742
6 2753
6 2755
6 2758
6 2761
6 2771
6 2847
6 2850
6 2852
6 2861
6 2862
6 2866
6 2873
6 2881
6 2891
6 2896
6 2916
6 2920
6 2928
6 2969
6 3178
6 3180
6 3183
6 3188
6 3194
6 3198
6 3221
6 3238
6 3255
6 3272
6 3273
6 3274
6 3276
6 3278
6 3280
6 3281
6 3282
6 3283
6 3284
6 3285
6 3288
6 3290
6 3292
6 3293
6 3295
6 3297
6 3303
6 3343
6 3384
6 3466
6 3501
6 3502
6 3504
6 3505
6 3506
6 3507
6 3508
6 3509
6 3510
6 3511
6 3512
6 3514
6 3515
6 3516
6 3519
6 3523
6 3524
6 3526
6 3527
6 3533
6 3536
6 3549
6 3563
6 3564
6 3624
6 3662
6 3851
6 3856
6 3883
6 3884
6 3885
6 3887
6 3892
6 3893
6 3903
6 3907
6 3914
6 4208
6 4209
6 4210
6 4211
6 4212
6 4213
6 4214
6 4215
6 4216
6 4217
6 4218
6 4219
6 827
6 4220
6 4223
6 4225
6 4226
6 4227
6 4228
6 4229
6 4230
6 4231
6 4232
6 4233
6 4235
6 4236
6 4239
6 4241
6 4243
6 4244
6 4262
6 4264
6 4279
6 4280
6 4281
6 4285
6 4298
6 4303
6 4316
6 4322
6 4323
6 4324
6 4325
6 4326
6 4327
6 4328
6 4329
6 4330
6 4331
6 4332
6 4333
6 4334
6 4335
6 4336
6 4338
6 4339
6 4340
6 4341
6 4342
6 4343
6 4344
6 4345
6 4346
6 4347
6 4348
6 4350
6 4351
6 4352
6 4354
6 4355
6 4356
6 4358
6 4360
6 4361
6 4362
6 4364
6 4365
6 4367
6 4369
6 4373
6 4375
6 4383
6 4622
6 4627
6 4654
6 4659
6 4668
6 4672
6 4673
6 4743
6 4769
6 4786
6 4793
6 3256
6 4794
6 4795
6 4796
6 4797
6 4798
6 4799
6 4800
6 4801
6 4802
6 4803
6 4804
6 4805
6 4806
6 4807
6 4808
6 4809
6 4810
6 4812
6 4813
6 4815
6 4816
6 4818
6 4819
6 4820
6 4823
6 4824
6 4831
6 4842
6 4844
6 4912
6 4915
6 4921
6 4925
6 4926
6 4927
6 4928
6 4929
6 4930
6 4931
6 4932
6 4934
6 4935
6 4936
6 4937
6 4938
6 4939
6 4940
6 4941
6 4943
6 4944
6 4945
6 4946
6 4947
6 4948
6 4949
6 4950
6 4965
6 4966
6 4967
6 4968
6 4969
6 4970
6 4971
6 4972
6 4973
6 4974
6 4975
6 4976
6 4977
6 4978
6 4979
6 4980
6 4981
6 4983
6 4984
6 4985
6 4986
6 4987
6 4988
6 4989
6 4990
6 4991
6 4992
6 4993
6 4994
6 4995
6 4996
6 4997
6 5006
6 5007
6 5011
6 5016
6 5019
6 5021
6 5022
6 5023
6 5025
6 5026
6 5028
6 5029
6 5030
6 5033
6 5034
6 5037
6 5040
6 5041
6 5043
6 5044
6 5056
6 5057
6 5058
6 5059
6 5036
6 5061
6 5065
6 5067
6 5071
6 5075
6 5077
6 5080
6 5082
6 5083
6 5087
6 5096
6 5099
6 5100
6 5102
6 5107
6 5109
6 5111
6 5112
6 5113
6 5114
6 5117
6 5118
6 5121
6 5126
6 5130
6 5131
6 5133
6 5135
6 5136
6 5137
6 5141
6 5143
6 5146
6 5147
6 5148
6 5150
6 5161
6 5167
6 5169
6 5170
6 5172
6 5177
6 5182
6 5184
6 5187
6 5191
6 5199
6 5201
6 5206
6 5210
6 5242
6 5247
6 5357
6 5401
6 5405
6 5445
6 5449
6 5450
6 5454
6 5505
6 5538
6 5594
6 5736
6 5813
6 5830
6 5841
6 5843
6 5844
6 5857
6 5864
6 5865
9 10
9 11
9 371
9 1457
9 1458
9 1701
9 1735
9 1738
9 3287
9 4240
9 4245
9 4257
9 4282
9 4811
9 4814
14 15
14 177
14 2303
14 4113
14 4246
14 4738
14 4923
14 5244
14 5391
14 5487
50 51
50 68
50 1172
50 1179
50 4881
50 5207
54 54
54 1166
54 1167
54 1173
54 1203
54 1455
54 2772
54 2773
54 2775
54 2776
54 2777
54 2778
54 2779
54 2780
54 2781
54 2782
54 2783
54 2784
54 2786
54 2787
54 2788
54 2789
54 2790
54 2791
54 2792
54 2793
54 2794
54 2795
54 2796
54 2797
54 2799
54 2800
54 2801
54 2802
54 2804
54 2805
54 2806
54 2807
54 2810
54 2811
54 2813
54 2814
54 2816
54 2817
54 2818
54 2820
54 2822
54 2823
54 2827
54 2829
54 2830
54 2831
54 2832
54 2833
54 2835
54 2838
54 2840
54 2842
54 2854
54 2860
54 2863
54 2871
54 2872
54 2875
54 2885
54 2887
54 2892
54 2915
54 2917
54 2924
54 2930
54 3212
54 3219
54 3258
54 3261
54 3263
54 3264
54 3265
54 3271
54 3291
54 3296
54 3300
54 3432
54 3460
54 3882
54 4767
54 4835
54 4840
54 4922
54 4958
54 5188
54 5189
54 5190
54 2671
54 5196
54 5197
84 85
84 87
84 88
84 92
84 95
84 96
84 98
84 196
84 200
84 201
84 202
84 204
84 205
84 206
84 207
84 208
84 210
84 211
84 212
84 213
84 214
84 215
84 216
84 217
84 218
84 220
84 224
84 225
84 227
84 230
84 231
84 232
84 233
84 238
84 240
84 241
84 243
84 246
84 249
84 253
84 256
84 257
84 258
84 259
84 260
84 261
84 262
84 263
84 264
84 265
84 266
84 267
84 268
84 269
84 270
84 271
84 272
84 274
84 275
84 276
84 277
84 279
84 286
84 298
84 314
84 315
84 316
84 318
84 320
84 322
84 324
84 325
84 327
84 328
84 329
84 331
84 332
84 333
84 334
84 335
84 336
84 337
84 338
84 339
84 341
84 343
84 345
84 346
84 347
84 348
84 349
84 350
84 351
84 353
84 354
84 356
84 358
84 364
84 365
84 367
84 368
84 370
84 373
84 374
84 375
84 379
84 381
84 383
84 384
84 392
84 401
84 407
84 408
84 413
84 427
84 434
84 476
84 571
84 635
84 678
84 679
84 794
84 795
84 796
84 798
84 799
84 800
84 801
84 802
84 803
84 804
84 805
84 808
84 811
84 813
84 818
84 822
84 825
84 832
84 834
84 837
84 839
84 842
84 843
84 856
84 859
84 860
84 867
84 872
84 881
84 886
84 889
84 890
84 892
84 895
84 897
84 899
84 901
84 903
84 905
84 908
84 909
84 912
84 914
84 920
84 922
84 932
84 941
84 947
84 953
84 959
84 960
84 961
84 962
84 963
84 964
84 965
84 966
84 967
84 968
84 969
84 970
84 971
84 975
84 977
84 978
84 979
84 980
84 985
84 988
84 989
84 992
84 994
84 997
84 1004
84 1011
84 1015
84 1090
84 1094
84 1096
84 1099
84 1110
84 1176
84 1205
84 1221
84 1222
84 1224
84 1233
84 1238
84 1250
84 1253
84 1270
84 1302
84 1310
84 1313
84 1314
84 1315
84 1317
84 1319
84 1320
84 1321
84 1322
84 1323
84 1324
84 1325
84 1326
84 1327
84 1328
84 1329
84 1330
84 1333
84 1334
84 1336
84 1337
84 1339
84 1340
84 1341
84 1342
84 1343
84 1344
84 1345
84 1346
84 1349
84 1352
84 1354
84 1355
84 1357
84 1359
84 1361
84 1363
84 1364
84 1365
84 1366
84 1368
84 1374
84 1375
84 1377
84 1378
84 1384
84 1395
84 1400
84 1419
84 1434
84 1435
84 1439
84 1440
84 1441
84 1443
84 1444
84 1445
84 1446
84 1447
84 1448
84 1449
84 1450
84 1451
84 1453
84 1456
84 1474
84 1484
84 1515
84 1517
84 1526
84 1626
84 1628
84 1723
84 1750
84 1761
84 1764
84 1765
84 1767
84 1768
84 1769
84 1777
84 1849
84 2000
84 2001
84 2002
84 2003
84 2004
84 2005
84 2006
84 2007
84 2008
84 2009
84 2010
84 424
84 2011
84 2012
84 2013
84 2014
84 2015
84 2017
84 2019
84 2020
84 2021
84 2022
84 2023
84 2024
84 2025
84 2026
84 2027
84 2028
84 2032
84 2034
84 2036
84 2038
84 2039
84 2040
84 2043
84 2044
84 2045
84 2046
84 2050
84 2052
84 2054
84 2055
84 2058
84 2067
84 2076
84 2079
84 2216
84 2244
84 2310
84 2329
84 2596
84 2946
84 2967
84 3149
84 3150
84 3151
84 3152
84 1791
84 3154
84 3155
84 3156
84 3157
84 3158
84 3159
84 3161
84 3162
84 3164
84 3165
84 3166
84 3168
84 3172
84 3173
84 3174
84 3175
84 3181
84 3184
84 3185
84 3187
84 3191
84 3199
84 3200
84 3206
84 3209
84 3210
84 3216
84 3225
84 3230
84 3232
84 3233
84 3234
84 3244
84 3245
84 3246
84 3247
84 3248
84 3249
84 3250
84 3251
84 3252
84 3253
84 3254
84 3256
84 3257
84 3259
84 3260
84 3266
84 3268
84 3269
84 3270
84 3277
84 3279
84 3286
84 3289
84 3294
84 3371
84 3381
84 3409
84 3411
84 3412
84 3435
84 3441
84 3458
84 3461
84 3484
84 3488
84 3494
84 3518
84 3543
84 3544
84 3545
84 3546
84 3547
84 3548
84 3554
84 3559
84 3562
84 1042
84 3566
84 3568
84 3569
84 3570
84 3571
84 3572
84 3573
84 3575
84 3576
84 3578
84 3579
84 3580
84 3581
84 3582
84 3583
84 3585
84 3589
84 3590
84 3591
84 3593
84 3595
84 3598
84 3603
84 3608
84 3613
84 3627
84 3633
84 3636
84 3637
84 3640
84 3641
84 3644
84 3647
84 3649
84 3651
84 3671
84 3673
84 3676
84 3679
84 3681
84 3685
84 3686
84 3689
84 3783
84 3817
84 3823
84 3833
84 3861
84 4034
84 4056
84 4190
84 4267
84 4276
84 4292
84 4297
84 4312
84 4732
84 4770
84 4771
84 4821
84 4828
84 4837
84 4841
84 4895
84 5203
84 5209
84 5250
84 5271
84 5431
84 5486
84 5596
84 5598
84 5599
84 5600
84 5601
84 5602
84 5603
84 5604
84 5606
84 5607
84 5608
84 5609
84 5610
84 5611
84 5612
84 5613
84 5614
84 5615
84 5616
84 5617
84 5618
84 5619
84 5620
84 5621
84 5622
84 5623
84 5624
84 5625
84 5626
84 5627
84 5628
84 5629
84 5630
84 5631
84 5632
84 5633
84 5634
84 5635
84 5636
84 5637
84 5638
84 5639
84 5640
84 5641
84 5642
84 5643
84 5644
84 5645
84 5646
84 5647
84 5648
84 5650
84 5651
84 5652
84 5653
84 5654
84 5655
84 5656
84 5657
84 5658
84 2174
84 5659
84 5660
84 5661
84 5662
84 5663
84 5664
84 5665
84 5666
84 5667
84 5668
84 5669
84 5670
84 5671
84 5672
84 5673
84 5674
84 5675
84 5677
84 5678
84 5679
84 1161
84 5680
84 5681
84 5683
84 5684
84 5686
84 5687
84 5688
84 5689
84 5690
84 5692
84 5695
84 5696
84 5697
84 5699
84 5700
84 1808
84 5701
84 5702
84 5703
84 5704
84 5706
84 5707
84 5708
84 5710
84 5711
84 5712
84 5714
84 5718
84 5719
84 5721
84 5722
84 5723
84 5724
84 5725
84 5726
84 5727
84 5728
84 5732
84 5733
84 5738
84 5740
84 5742
84 5743
84 5744
84 5745
84 5746
84 5747
84 5748
84 5749
84 5750
84 5751
84 5753
84 5754
84 5755
84 5756
84 5757
84 5758
84 5762
84 5765
84 5768
84 5770
84 5772
84 5775
84 5778
84 5782
84 5783
84 5788
84 5789
84 5790
84 5791
84 5794
84 5796
84 5799
84 4186
84 5801
84 5802
84 5803
84 5806
84 5807
84 5808
84 5810
84 5814
84 5815
84 5491
84 5822
84 5828
84 5831
84 5835
84 5837
84 5848
84 5872
84 5874
84 5884
89 90
89 91
89 141
89 160
89 166
89 167
89 186
89 209
89 248
89 409
89 436
89 437
89 656
89 657
89 741
89 742
89 1057
89 1060
89 1061
89 1072
89 1608
89 1999
89 2037
89 2335
89 2336
89 2464
89 2923
89 2926
89 2939
89 2958
89 3485
99 100
99 114
99 194
99 390
99 395
99 397
99 418
99 440
99 443
99 453
99 454
99 466
99 468
99 469
99 477
99 487
99 488
99 490
99 491
99 495
99 943
99 996
99 1194
99 1198
99 1422
99 1522
99 1640
99 3480
99 3479
111 112
111 387
111 473
111 636
111 1418
111 1624
111 1679
111 1704
111 1780
111 2049
111 3669
111 3837
111 3863
111 3876
111 3956
111 4103
111 4311
111 4752
111 4780
111 4826
111 5175
111 5208
111 5335
111 5885
144 145
144 632
144 634
144 640
144 643
144 659
144 1148
144 1152
144 1184
144 1185
144 1186
144 1200
144 1206
144 1207
144 1535
144 1539
144 1757
144 1758
144 1759
144 1760
144 1762
144 1770
144 1771
144 1774
144 1779
144 2061
144 2062
144 2063
144 2064
144 2070
144 2071
144 2072
144 2073
144 2075
144 2080
144 2084
144 2118
144 2878
144 2918
144 2941
144 3422
144 3424
144 3426
144 3427
144 3428
144 3430
144 3433
144 3437
144 3438
144 3443
144 3476
144 3490
144 3491
144 3661
144 3672
144 3693
144 3782
144 3924
144 3949
144 4032
144 4070
144 4114
144 4115
144 5246
144 5253
144 5254
144 5255
144 5418
144 5767
144 5793
144 2976
144 5805
144 5809
168 169
168 180
168 502
168 503
168 504
168 574
168 592
168 644
168 666
168 1064
168 1271
168 1272
168 1273
168 1410
168 1411
168 1497
168 1641
168 1643
168 1644
168 1645
168 1646
168 1647
168 1648
168 1649
168 1650
168 1651
168 1652
168 1653
168 1655
168 1656
168 1657
168 1658
168 1659
168 1660
168 1661
168 1662
168 1663
168 1664
168 1665
168 1666
168 1667
168 1668
168 1669
168 1670
168 1671
168 1672
168 1673
168 1674
168 1675
168 1676
168 1677
168 1678
168 1680
168 1683
168 1685
168 1686
168 1687
168 1689
168 1690
168 1697
168 1700
168 1702
168 1703
168 1707
168 1714
168 1729
168 1733
168 1734
168 1740
168 1749
168 1766
168 1991
168 2016
168 2018
168 2065
168 2066
168 2068
168 2094
168 2573
168 2577
168 2580
168 3486
168 3891
168 4359
168 4746
168 5827
170 171
170 172
170 173
170 396
170 1104
170 1115
170 1116
170 1131
170 1154
170 1776
170 3874
170 4671
170 5730
211 2087
279 3957
388 389
388 391
388 400
388 406
388 432
388 442
388 455
388 457
388 458
388 460
388 462
388 463
388 464
388 465
388 471
388 475
388 479
388 482
388 485
388 486
388 493
388 494
388 498
388 3479
388 3481
388 3530
388 3550
388 3551
388 3552
388 3555
388 3556
388 3557
496 497
496 1379
496 1642
496 3421
496 4836
496 5155
505 506
505 507
505 508
505 509
505 510
505 511
505 512
505 513
505 514
505 515
505 516
505 517
505 518
505 519
505 520
505 521
505 522
505 523
505 524
505 525
505 526
505 527
505 528
505 529
505 530
505 531
505 532
505 533
505 534
505 535
505 536
505 537
505 538
505 539
505 540
505 541
505 542
505 543
505 544
505 545
505 546
505 547
505 548
505 549
505 550
505 551
505 552
505 553
505 554
505 555
505 556
505 557
505 558
505 559
505 560
505 561
505 562
505 563
505 564
505 565
505 566
505 567
505 568
505 569
505 570
505 572
505 573
505 575
505 576
505 577
505 578
505 579
505 580
505 581
505 582
505 584
505 585
505 586
505 587
505 588
505 589
505 591
505 593
505 594
505 595
505 596
505 597
505 598
505 599
505 600
505 601
505 602
505 603
505 604
505 605
505 606
505 607
505 608
505 609
505 610
505 611
505 612
505 613
505 614
505 616
505 617
505 618
505 621
505 622
505 623
505 624
505 625
505 626
505 627
505 628
505 629
505 630
505 631
505 633
505 637
505 639
505 642
505 645
505 649
505 651
505 652
505 653
505 654
505 655
505 660
505 662
505 663
505 665
505 667
505 668
505 671
505 680
505 681
505 682
505 740
505 748
505 775
505 972
505 973
505 974
505 976
505 982
505 983
505 984
505 1001
505 1002
505 1003
505 1006
505 1007
505 1029
505 1030
505 1031
505 1032
505 1033
505 1034
505 1035
505 1036
505 1038
505 1039
505 1040
505 1041
505 1043
505 1044
505 1045
505 1046
505 1047
505 1048
505 1049
505 1053
505 1054
505 1055
505 1058
505 1059
505 1063
505 1068
505 1082
505 1083
505 1084
505 1085
505 1086
505 1087
505 1089
505 1092
505 1093
505 1095
505 1098
505 1103
505 1105
505 1109
505 1111
505 1112
505 1149
505 1151
505 1159
505 1162
505 1164
505 1174
505 1187
505 1189
505 1199
505 1266
505 1362
505 1420
505 1426
505 1431
669 670
676 677
676 1108
676 1632
676 1633
676 1635
676 1739
676 1753
676 2313
676 2315
676 4755
677 2970
806 807
806 809
806 810
806 812
806 814
806 815
806 816
806 817
806 819
806 820
806 821
806 823
806 824
806 826
806 827
806 828
806 829
806 830
806 831
806 833
806 835
806 836
806 838
806 840
806 841
806 844
806 845
806 846
806 847
806 848
806 849
806 850
806 851
806 852
806 853
806 854
806 855
806 857
806 858
806 861
806 862
806 863
806 864
806 865
806 866
806 868
806 869
806 871
806 873
806 874
806 875
806 876
806 877
806 878
806 879
806 880
806 882
806 883
806 884
806 887
806 888
806 891
806 893
806 896
806 898
806 900
806 904
806 906
806 907
806 910
806 915
806 916
806 917
806 918
806 919
806 921
806 923
806 924
806 925
806 927
806 929
806 930
806 933
806 934
806 939
806 940
806 942
806 948
806 958
806 1005
806 1010
806 1022
806 1037
806 1042
806 1065
806 1080
806 2570
806 3696
806 3697
806 3698
806 3699
806 3700
806 3701
806 3702
806 3703
806 1414
806 3704
806 3705
806 3706
806 3707
806 3708
806 3709
806 3710
806 3712
806 3713
806 3714
806 3715
806 3716
806 3717
806 3718
806 3719
806 3720
806 3721
806 3722
806 3723
806 3724
806 3725
806 3726
806 3727
806 3728
806 3729
806 3730
806 3731
806 3732
806 3733
806 3734
806 3736
806 3738
806 3739
806 3740
806 3741
806 3742
806 3743
806 3744
806 3745
806 3746
806 3747
806 3748
806 3749
806 3750
806 3751
806 3752
806 3753
806 3754
806 3755
806 3756
806 3757
806 3758
806 3759
806 3760
806 3761
806 3762
806 3763
806 3764
806 3765
806 3766
806 3767
806 3768
806 3769
806 3770
806 3771
806 3772
806 3773
806 3774
806 3775
806 3777
806 3778
806 3779
806 3780
806 3781
806 3784
806 3785
806 3786
806 3787
806 3788
806 3789
806 3790
806 3791
806 3792
806 3793
806 3794
806 3795
806 3796
806 3797
806 3798
806 3799
806 3802
806 3805
806 3806
806 3807
806 3808
806 3809
806 3811
806 3812
806 3813
806 3816
806 3819
806 3821
806 3824
806 3825
806 3826
806 3827
806 3828
806 3829
806 3830
806 3831
806 3834
806 3838
806 3843
806 3844
806 3846
806 3848
806 3852
806 3854
806 3858
806 3865
806 3866
806 3868
806 3871
806 3872
806 3888
806 3889
806 3894
806 3897
806 3899
806 3912
806 3918
806 3922
806 4092
806 4191
806 4250
806 4307
806 4384
806 4385
806 4386
806 4387
806 4388
806 4389
806 4390
806 4391
806 4392
806 4393
806 4394
806 4395
806 4396
806 4397
806 4398
806 4399
806 4400
806 4401
806 4402
806 4403
806 4404
806 4405
806 4406
806 4407
806 4408
806 4409
806 4410
806 4411
806 4412
806 4413
806 4414
806 4415
806 4416
806 4417
806 4418
806 4419
806 4420
806 4421
806 4422
806 4423
806 4424
806 4425
806 4426
806 4427
806 4428
806 4429
806 4430
806 4431
806 4432
806 4433
806 4434
806 4435
806 4436
806 4437
806 4438
806 4439
806 4440
806 4441
806 4442
806 4443
806 4444
806 4445
806 4446
806 4447
806 4448
806 4449
806 4450
806 4451
806 4452
806 4453
806 4454
806 4455
806 4456
806 4457
806 4458
806 4459
806 4460
806 4461
806 4462
806 4463
806 4464
806 4465
806 4466
806 4467
806 4468
806 4469
806 4470
806 4471
806 4472
806 4473
806 4474
806 4475
806 4476
806 4477
806 4478
806 4479
806 4480
806 4481
806 4482
806 4483
806 4484
806 4485
806 4486
806 4487
806 4488
806 4489
806 4490
806 4491
806 4492
806 4493
806 4494
806 4495
806 4496
806 4497
806 4498
806 4499
806 4500
806 4501
806 4502
806 4503
806 4504
806 4505
806 4506
806 4507
806 4508
806 4509
806 4510
806 4511
806 4512
806 4513
806 4514
806 4515
806 4516
806 4517
806 4518
806 4519
806 4520
806 4521
806 4522
806 4523
806 4524
806 4525
806 4526
806 4527
806 4528
806 4529
806 4530
806 4531
806 4532
806 4533
806 4534
806 4535
806 4536
806 4537
806 4538
806 4539
806 4540
806 4541
806 4542
806 4543
806 4544
806 4545
806 4546
806 4547
806 4548
806 4549
806 4550
806 4551
806 4552
806 4553
806 4554
806 4555
806 4556
806 4557
806 4558
806 4559
806 4560
806 4561
806 4562
806 4563
806 4564
806 4565
806 4566
806 4567
806 4568
806 4569
806 4570
806 4571
806 4572
806 4573
806 4574
806 4575
806 4576
806 4577
806 4578
806 4579
806 4580
806 4581
806 4582
806 4584
806 4585
806 4586
806 4587
806 4588
806 4589
806 4590
806 4591
806 4592
806 4593
806 4594
806 4595
806 4597
806 4598
806 4599
806 4600
806 4601
806 4602
806 4603
806 4605
806 4606
806 4607
806 4608
806 4609
806 4610
806 4611
806 4612
806 4613
806 4614
806 4615
806 4616
806 4617
806 4618
806 4619
806 4620
806 4621
806 4623
806 4624
806 4625
806 4626
806 4628
806 4630
806 4631
806 4632
806 4633
806 4634
806 4635
806 4637
806 4638
806 4639
806 4640
806 4641
806 4642
806 4643
806 4644
806 4645
806 4646
806 4647
806 4648
806 4649
806 4650
806 4651
806 4652
806 4653
806 4655
806 4656
806 4660
806 4661
806 4662
806 4663
806 4664
806 4666
806 4667
806 4669
806 4670
806 4674
806 4675
806 4676
806 4677
806 4678
806 4679
806 4680
806 4681
806 4682
806 4683
806 4684
806 4685
806 4686
806 4687
806 4688
806 4689
806 4690
806 4691
806 4692
806 4693
806 4694
806 4695
806 4696
806 4697
806 4698
806 4699
806 4700
806 4701
806 4702
806 4703
806 4704
806 4705
806 4706
806 4707
806 4708
806 4709
806 4710
806 4711
806 4712
806 4713
806 4714
806 4715
806 4716
806 4717
806 4718
806 4719
806 4720
806 4721
806 4722
806 4724
806 4726
806 4727
806 4728
806 4729
806 4731
806 4734
806 4735
806 4737
806 4739
806 4740
806 4741
806 4742
806 4744
806 4745
806 4749
806 4750
806 4751
806 4753
806 4756
806 4757
806 4758
806 4759
806 4761
806 4762
806 4763
806 4765
806 4791
806 4829
806 4961
806 4999
806 5000
806 5001
806 5002
806 5003
806 5004
806 5005
806 5008
806 5009
806 5010
806 5012
806 5013
806 5014
806 5015
806 5017
806 5018
806 5020
806 5024
806 5027
806 5031
806 5032
806 5035
806 5036
806 5038
806 5039
806 5042
806 5045
806 5046
806 5047
806 5048
806 5049
806 5050
806 5051
806 5052
806 5053
806 5054
806 5055
806 5060
806 5062
806 5063
806 5064
806 5066
806 5068
806 5069
806 5070
806 5072
806 5073
806 5074
806 5076
806 5078
806 5079
806 5081
806 5084
806 5085
806 5086
806 5088
806 5089
806 5090
806 5091
806 5092
806 5093
806 5094
806 5095
806 5097
806 5098
806 5101
806 5103
806 5104
806 5106
806 5108
806 5110
806 5115
806 5116
806 5119
806 5120
806 5122
806 5123
806 5124
806 5125
806 5127
806 5129
806 5138
806 5140
806 5142
806 5144
806 5145
806 5151
806 5152
806 5153
806 5154
806 5156
806 5158
806 5162
806 5165
806 5166
806 5168
806 5173
806 5174
806 5176
806 5178
806 5186
806 5198
806 5200
806 5221
806 5232
806 5243
806 5249
806 5251
806 5252
806 5287
806 5436
806 5451
806 5685
806 5734
1144 2087
1144 3957
1222 2087
1225 1226
1225 1227
1225 1231
1225 1234
1225 1459
1225 3226
1225 4200
1225 4201
1225 4222
1225 4224
1225 4234
1225 4237
1225 4238
1225 4277
1267 1268
1267 1634
1267 1742
1267 2921
1274 1275
1274 1276
1274 1277
1274 1278
1274 1279
1274 1280
1274 1281
1274 1282
1274 1283
1274 1284
1274 1285
1274 1286
1274 1287
1274 1288
1274 1289
1274 1290
1274 1291
1274 1292
1274 1293
1274 1294
1274 1295
1274 1296
1274 1297
1274 1298
1274 1299
1274 1300
1274 1301
1274 1303
1274 1304
1274 1305
1274 1306
1274 1307
1274 1308
1274 1309
1274 1311
1274 1312
1274 1316
1274 1318
1274 1331
1274 1332
1274 1335
1274 1338
1274 1347
1274 1348
1274 1350
1274 1351
1274 1353
1274 1356
1274 1358
1274 1360
1274 1369
1274 1370
1274 1371
1274 1372
1274 1373
1274 1376
1274 1380
1274 1381
1274 1382
1274 1387
1274 1396
1274 1401
1274 1402
1274 1403
1274 1406
1274 1407
1274 1412
1274 1415
1274 1423
1274 1425
1274 1427
1274 1428
1274 1430
1274 1432
1274 1433
1274 1436
1274 1437
1274 1438
1274 1442
1274 1452
1274 1460
1274 1461
1274 1462
1274 1538
1274 1590
1274 1605
1274 1614
1274 1616
1274 1617
1274 1620
1274 1622
1274 1623
1274 1629
1274 1681
1274 1684
1274 1693
1274 1694
1274 1698
1274 1709
1274 1710
1274 1724
1274 1730
1274 1796
1274 2060
1274 2143
1274 2331
1274 2414
1274 2452
1274 2456
1274 2533
1274 2857
1274 3217
1274 3218
1274 3493
1274 3542
1274 4764
1274 5149
1274 5192
1274 5193
1274 5194
1274 5286
1274 5404
1274 5458
1274 5459
1274 5474
1325 2087
1744 1745
2002 2339
2087 2088
2087 2089
2087 2090
2087 2091
2087 2092
2087 2093
2087 2095
2087 2096
2087 2097
2087 2098
2087 2099
2087 2100
2087 2101
2087 2102
2087 2103
2087 2105
2087 2106
2087 2107
2087 2108
2087 2109
2087 2110
2087 2111
2087 2112
2087 2113
2087 2114
2087 2115
2087 2116
2087 2119
2087 2120
2087 2121
2087 2122
2087 2123
2087 2124
2087 2125
2087 2126
2087 2127
2087 2128
2087 2129
2087 2130
2087 2131
2087 2132
2087 2133
2087 2134
2087 2135
2087 2138
2087 2139
2087 2140
2087 2141
2087 2142
2087 2144
2087 2145
2087 2146
2087 2147
2087 2148
2087 2149
2087 2151
2087 2152
2087 2153
2087 2154
2087 2155
2087 2156
2087 2157
2087 2158
2087 2159
2087 2161
2087 2162
2087 2163
2087 2164
2087 2165
2087 2177
2087 2179
2087 2180
2087 2181
2087 2182
2087 2183
2087 2184
2087 2185
2087 2186
2087 2188
2087 2189
2087 2190
2087 2191
2087 2192
2087 2193
2087 2194
2087 2195
2087 2196
2087 2197
2087 2198
2087 2199
2087 2200
2087 2201
2087 2202
2087 2205
2087 2206
2087 2207
2087 2208
2087 2210
2087 2211
2087 2212
2087 2213
2087 2214
2087 2215
2087 2217
2087 2218
2087 2219
2087 2220
2087 2221
2087 2222
2087 2223
2087 2224
2087 2226
2087 2227
2087 2228
2087 2229
2087 2230
2087 2231
2087 2232
2087 2233
2087 2243
2087 2247
2087 2248
2087 2250
2087 2251
2087 2252
2087 2254
2087 2255
2087 2257
2087 2262
2087 2263
2087 2264
2087 2267
2087 2270
2087 2272
2087 2273
2087 2295
2087 2297
2087 2299
2087 2300
2087 2301
2087 2302
2087 2304
2087 2306
2087 2307
2087 2314
2087 2320
2087 2323
2087 2326
2087 2510
2087 2512
2087 2515
2087 2520
2087 2669
2087 2670
2087 2671
2087 2672
2087 2673
2087 2675
2087 2676
2087 2677
2087 2678
2087 2679
2087 2684
2087 2686
2087 2689
2087 2690
2087 2695
2087 2696
2087 2697
2087 2707
2087 2709
2087 2710
2087 2711
2087 2712
2087 2714
2087 2715
2087 2716
2087 2717
2087 2718
2087 2723
2087 2724
2087 2725
2087 2726
2087 2727
2087 2728
2087 2729
2087 2730
2087 2733
2087 2734
2087 2739
2087 2740
2087 2741
2087 2744
2087 2745
2087 2747
2087 2834
2087 2836
2087 2837
2087 2841
2087 2844
2087 2845
2087 2848
2087 2856
2087 2882
2087 2890
2087 2922
2087 2931
2087 2942
2087 2943
2087 2944
2087 2945
2087 2948
2087 2949
2087 2950
2087 2951
2087 2953
2087 3208
2087 3406
2087 3482
2087 3553
2087 3607
2087 3867
2087 3911
2087 3919
2087 3920
2087 3921
2087 3937
2087 3251
2087 4122
2087 4123
2087 4124
2087 4125
2087 4127
2087 4128
2087 4129
2087 4130
2087 4131
2087 4132
2087 4133
2087 4134
2087 4135
2087 4136
2087 4137
2087 4138
2087 4139
2087 4140
2087 4141
2087 4142
2087 4143
2087 4144
2087 4145
2087 4146
2087 4147
2087 4148
2087 4149
2087 4150
2087 4151
2087 4152
2087 4153
2087 4154
2087 4155
2087 4156
2087 4157
2087 4159
2087 4160
2087 4161
2087 4162
2087 4163
2087 4164
2087 4165
2087 4166
2087 4167
2087 4168
2087 4170
2087 4171
2087 4172
2087 4173
2087 4174
2087 4175
2087 4176
2087 3266
2087 4177
2087 4178
2087 4179
2087 4180
2087 4181
2087 4182
2087 4183
2087 4184
2087 4185
2087 4186
2087 4187
2087 4188
2087 4189
2087 4193
2087 4194
2087 4196
2087 4197
2087 4198
2087 4199
2087 4203
2087 4204
2087 4205
2087 4206
2087 4207
2087 4242
2087 4247
2087 4248
2087 4249
2087 4252
2087 4253
2087 4254
2087 4256
2087 4258
2087 4259
2087 4260
2087 4261
2087 4265
2087 4266
2087 4269
2087 4270
2087 4271
2087 4272
2087 4273
2087 4291
2087 4305
2087 4310
2087 4318
2087 4321
2087 4353
2087 4357
2087 4380
2087 4629
2087 4636
2087 4665
2087 4730
2087 4768
2087 4772
2087 4773
2087 4781
2087 4785
2087 4787
2087 4838
2087 4839
2087 4843
2087 4916
2087 4919
2087 4920
2087 4933
2087 4951
2087 4963
2087 5105
2087 5163
2087 5204
2087 5211
2087 5212
2087 5213
2087 5214
2087 5215
2087 5216
2087 5217
2087 5218
2087 5219
2087 5222
2087 5223
2087 5224
2087 5225
2087 5226
2087 5227
2087 5228
2087 5229
2087 5230
2087 5231
2087 5234
2087 5235
2087 5236
2087 5237
2087 5238
2087 5239
2087 5240
2087 5241
2087 5250
2087 5343
2087 5382
2087 5384
2087 5389
2087 5410
2087 5412
2087 5415
2087 5437
2087 5439
2087 5440
2087 5444
2087 5473
2087 5491
2087 5506
2087 5571
2087 5816
2087 5847
2087 5878
2339 2340
2339 2341
2339 2342
2339 2343
2339 2344
2339 2345
2339 2346
2339 2347
2339 2348
2339 2349
2339 2350
2339 2351
2339 2352
2339 2353
2339 2354
2339 2355
2339 2356
2339 2357
2339 2358
2339 2359
2339 2360
2339 2361
2339 2362
2339 2363
2339 2364
2339 2365
2339 2366
2339 2367
2339 2368
2339 2369
2339 2370
2339 2371
2339 2372
2339 2373
2339 2374
2339 2376
2339 2377
2339 2378
2339 2379
2339 2380
2339 2381
2339 2382
2339 2383
2339 2384
2339 2385
2339 2386
2339 2387
2339 2388
2339 2389
2339 2390
2339 2391
2339 2392
2339 2393
2339 2394
2339 2395
2339 2396
2339 2397
2339 2398
2339 2399
2339 2400
2339 2401
2339 2402
2339 2403
2339 2404
2339 2405
2339 2406
2339 2407
2339 2408
2339 2409
2339 2410
2339 2411
2339 2412
2339 2413
2339 2415
2339 2416
2339 2417
2339 2418
2339 2419
2339 2420
2339 2421
2339 2422
2339 2423
2339 2424
2339 2425
2339 2426
2339 2427
2339 2428
2339 2429
2339 2430
2339 2431
2339 2432
2339 2433
2339 2434
2339 2435
2339 2436
2339 2437
2339 2438
2339 2439
2339 2440
2339 2441
2339 2442
2339 2443
2339 2444
2339 2446
2339 2447
2339 2448
2339 2449
2339 2450
2339 2451
2339 2453
2339 2454
2339 2455
2339 2457
2339 2458
2339 2459
2339 2460
2339 2461
2339 2462
2339 2463
2339 2465
2339 2466
2339 2467
2339 2468
2339 2469
2339 2470
2339 2471
2339 2472
2339 2473
2339 2474
2339 2475
2339 2476
2339 2477
2339 2478
2339 2479
2339 2480
2339 2481
2339 2482
2339 2483
2339 2484
2339 2485
2339 2486
2339 2487
2339 2488
2339 2489
2339 2490
2339 2491
2339 2492
2339 2493
2339 2494
2339 2495
2339 2496
2339 2497
2339 2498
2339 2499
2339 2500
2339 2501
2339 2502
2339 2503
2339 2504
2339 2505
2339 2506
2339 2507
2339 2508
2339 2509
2339 2511
2339 2513
2339 2514
2339 2516
2339 2517
2339 2518
2339 2519
2339 2521
2339 2522
2339 2523
2339 2525
2339 2526
2339 2527
2339 2528
2339 2529
2339 2530
2339 2532
2339 2534
2339 2535
2339 2536
2339 2537
2339 2538
2339 2539
2339 2540
2339 2541
2339 2542
2339 2543
2339 2544
2339 2545
2339 2546
2339 2547
2339 2548
2339 2549
2339 2550
2339 2551
2339 2552
2339 2554
2339 2559
2339 2566
2339 2567
2339 2568
2339 2569
2339 2571
2339 2572
2339 2574
2339 2575
2339 2578
2339 2582
2339 2584
2339 2586
2339 2589
2339 2590
2339 2593
2339 2604
2339 2705
2339 2751
2339 2757
2339 2760
2339 2798
2339 2812
2339 2824
2339 2851
2339 2859
2339 2874
2339 2904
2339 2906
2339 2960
2339 2961
2339 2962
2339 2964
2339 3776
2339 3835
2339 3878
2339 3933
2339 4295
2339 4733
2339 4790
2339 4792
2339 5256
2339 5257
2339 5258
2339 5259
2339 5260
2339 5261
2339 4141
2339 5262
2339 5263
2339 5264
2339 5265
2339 5266
2339 5267
2339 5268
2339 5269
2339 5270
2339 5272
2339 5273
2339 5274
2339 5275
2339 5276
2339 5277
2339 5278
2339 5279
2339 5280
2339 5281
2339 5282
2339 5283
2339 5284
2339 5285
2339 5288
2339 5289
2339 5290
2339 5291
2339 5292
2339 5293
2339 5294
2339 5295
2339 5296
2339 5297
2339 5298
2339 5299
2339 5300
2339 5301
2339 5302
2339 5303
2339 5304
2339 5305
2339 5306
2339 5307
2339 5308
2339 5309
2339 5310
2339 5311
2339 5312
2339 5313
2339 5314
2339 5315
2339 5316
2339 5317
2339 5318
2339 5319
2339 5320
2339 5321
2339 5322
2339 5323
2339 5324
2339 5325
2339 5326
2339 5328
2339 5329
2339 5331
2339 5332
2339 5333
2339 5334
2339 5336
2339 5337
2339 5338
2339 5339
2339 5340
2339 5341
2339 5342
2339 5344
2339 5345
2339 5347
2339 5348
2339 5349
2339 5350
2339 5352
2339 5353
2339 5354
2339 5356
2339 5358
2339 5359
2339 5360
2339 5361
2339 5362
2339 5363
2339 5364
2339 5365
2339 5366
2339 5367
2339 5368
2339 5369
2339 5370
2339 5371
2339 5372
2339 5373
2339 5374
2339 5376
2339 5377
2339 5378
2339 5379
2339 5380
2339 3989
2339 5381
2339 5383
2339 5385
2339 5386
2339 5387
2339 5388
2339 5390
2339 5392
2339 5393
2339 5394
2339 5395
2339 5396
2339 5096
2339 5397
2339 5398
2339 5399
2339 5400
2339 5402
2339 5403
2339 5406
2339 5407
2339 5408
2339 5409
2339 5411
2339 5413
2339 5414
2339 5416
2339 5417
2339 5419
2339 5420
2339 5421
2339 5423
2339 5425
2339 5426
2339 5428
2339 5429
2339 5432
2339 5433
2339 5435
2339 5438
2339 5441
2339 5446
2339 5447
2339 5448
2339 5452
2339 5453
2339 5455
2339 5456
2339 5457
2339 5461
2339 5462
2339 5464
2339 5465
2339 5466
2339 5468
2339 5470
2339 5476
2339 5480
2339 5481
2339 5485
2339 5488
2339 5489
2339 5490
2339 5499
2339 5761
2339 5784
2339 5792
2339 5804
2339 5820
2339 5829
2339 5833
2339 5842
2339 5849
2591 2592
2591 2594
2591 2595
2591 2597
2591 2598
2591 2599
2591 2600
2591 2601
2591 2602
2591 2603
2591 2605
2591 2606
2591 2607
2591 2608
2591 2610
2591 2611
2591 2612
2591 2613
2591 2614
2591 2615
2591 2616
2591 2617
2591 2618
2591 2619
2591 2620
2591 2621
2591 2622
2591 2623
2591 2624
2591 2625
2591 2626
2591 2627
2591 2629
2591 2630
2591 2631
2591 2634
2591 2642
2591 2643
2591 2644
2591 2645
2591 2654
2591 2655
2591 2657
2591 2659
2591 2660
2591 2662
2591 2664
2591 2665
2591 2667
2591 2683
2591 2685
2591 2692
2591 2694
2591 2698
2591 2701
2591 2703
2591 2706
2591 2708
2591 2713
2591 2720
2591 2721
2591 2722
2591 2731
2591 2736
2591 2737
2591 2738
2591 2743
2591 2746
2591 2748
2591 2749
2591 2752
2591 2754
2591 2756
2591 2759
2591 2762
2591 2763
2591 2764
2591 2766
2591 2767
2591 2768
2591 2769
2591 2770
2591 2774
2591 2785
2591 2808
2591 2815
2591 2821
2591 2826
2591 2828
2591 2839
2591 2843
2591 2846
2591 2853
2591 2855
2591 2858
2591 2864
2591 2865
2591 2867
2591 2868
2591 2869
2591 2870
2591 2877
2591 2879
2591 2880
2591 2883
2591 2884
2591 2888
2591 2893
2591 2894
2591 2895
2591 2898
2591 2907
2591 2908
2591 2909
2591 2912
2591 2914
2591 2919
2591 2927
2591 2929
2591 2933
2591 2934
2591 2935
2591 2936
2591 2937
2591 2938
2591 2940
2591 2947
2591 2952
2591 2954
2591 2955
2591 2956
2591 2959
2591 2963
2591 2968
2591 3050
2591 3076
2591 3139
2591 3163
2591 3170
2591 3214
2591 3228
2591 3240
2591 3242
2591 3243
2591 3267
2591 3634
2591 3877
2591 3940
2591 4289
2591 5478
2646 2647
2646 2957
2789 3957
2899 2900
2899 2901
2899 2902
2899 2903
2899 2905
2899 2910
2899 2911
2899 2913
2899 2932
2970 2971
2970 2972
2970 2973
2970 2974
2970 2975
2970 2976
2970 2977
2970 2978
2970 2979
2970 2980
2970 2981
2970 2982
2970 2983
2970 2984
2970 2985
2970 2986
2970 2987
2970 2988
2970 2989
2970 2990
2970 2991
2970 2992
2970 2993
2970 2994
2970 2995
2970 2996
2970 2997
2970 2998
2970 2999
2970 3000
2970 3001
2970 3002
2970 3003
2970 3004
2970 3005
2970 3006
2970 3007
2970 3008
2970 3009
2970 3010
2970 3011
2970 3012
2970 3013
2970 3014
2970 3015
2970 3016
2970 3017
2970 3018
2970 3019
2970 3020
2970 3021
2970 3022
2970 3023
2970 3024
2970 3025
2970 3026
2970 3027
2970 3028
2970 3029
2970 3030
2970 3031
2970 3032
2970 3033
2970 3034
2970 3035
2970 3036
2970 3037
2970 3038
2970 3039
2970 3040
2970 3041
2970 3042
2970 3043
2970 3044
2970 3045
2970 3046
2970 3047
2970 3048
2970 3049
2970 3051
2970 3052
2970 3053
2970 3054
2970 3055
2970 3056
2970 3057
2970 3058
2970 3059
2970 3060
2970 3061
2970 3062
2970 3063
2970 3064
2970 3065
2970 3066
2970 3067
2970 3068
2970 3069
2970 3070
2970 3071
2970 3073
2970 3074
2970 3075
2970 3077
2970 3078
2970 3079
2970 3080
2970 3081
2970 3082
2970 3083
2970 3084
2970 3085
2970 3086
2970 3087
2970 3088
2970 3089
2970 3090
2970 3091
2970 3092
2970 3093
2970 3094
2970 3095
2970 3096
2970 3097
2970 3098
2970 3099
2970 3100
2970 3101
2970 3102
2970 3103
2970 3104
2970 3105
2970 3106
2970 3107
2970 3108
2970 3109
2970 3111
2970 3112
2970 3113
2970 3114
2970 3115
2970 3116
2970 3117
2970 3118
2970 3119
2970 3120
2970 3121
2970 3122
2970 3123
2970 3124
2970 3125
2970 3126
2970 3127
2970 3128
2970 3129
2970 3130
2970 3131
2970 3132
2970 3133
2970 3134
2970 3135
2970 3136
2970 3137
2970 3138
2970 3140
2970 3141
2970 3142
2970 3143
2970 3144
2970 3145
2970 3146
2970 3147
2970 3148
2970 3160
2970 3167
2970 3171
2970 3176
2970 3177
2970 3179
2970 3182
2970 3186
2970 3189
2970 3190
2970 3192
2970 3193
2970 3195
2970 3196
2970 3197
2970 3201
2970 3202
2970 3203
2970 3204
2970 3205
2970 3207
2970 3211
2970 3213
2970 3215
2970 3220
2970 3222
2970 3224
2970 3227
2970 3229
2970 3231
2970 3235
2970 3239
2970 3241
2970 3262
2970 3299
2970 3301
2970 3447
2970 3450
2970 3463
2970 3472
2970 3498
2970 3540
2970 3561
2970 3694
2970 3711
2970 3840
2970 3841
2970 3847
2970 3853
2970 3855
2970 3886
2970 3890
2970 3898
2970 3902
2970 3906
2970 3908
2970 3910
2970 3913
2970 3941
2970 3942
2970 3944
2970 3945
2970 4068
2970 4290
2970 4302
2970 4313
2970 4583
2970 4725
2970 4760
2970 4869
2970 4918
2970 5171
2970 5245
2970 5463
2970 5467
2970 5475
2970 5477
2970 5818
2970 5838
2970 5839
2970 5870
3528 3529
3528 5492
3528 5493
3528 5494
3528 5496
3528 5497
3528 5500
3528 5501
3528 5502
3528 5503
3528 5504
3528 5507
3528 5508
3528 5509
3528 5510
3528 5511
3528 5512
3528 5513
3528 5514
3528 5515
3528 5516
3528 5517
3528 5518
3528 5519
3528 5520
3528 5521
3528 5522
3528 5524
3528 5525
3528 5526
3528 5527
3528 5528
3528 5529
3528 5530
3528 5531
3528 5532
3528 5533
3528 5534
3528 5535
3528 5536
3528 5537
3528 5539
3528 5540
3528 5541
3528 5542
3528 5543
3528 5544
3528 5545
3528 5546
3528 5547
3528 5548
3528 5549
3528 5550
3528 5551
3528 5552
3528 5553
3528 5555
3528 5556
3528 5557
3528 5559
3528 5560
3528 5561
3528 5562
3528 5563
3528 5564
3528 5565
3528 5566
3528 5567
3528 5568
3528 5569
3528 5570
3528 5572
3528 5573
3528 5574
3528 5575
3528 5576
3528 5577
3528 5578
3528 5579
3528 5580
3528 5583
3528 5584
3528 5587
3528 5588
3528 5589
3528 5590
3528 5591
3528 5592
3528 5593
3528 5595
3528 5597
3528 5605
3528 5649
3528 5676
3528 5682
3528 5691
3528 5693
3528 5694
3528 5698
3528 5705
3528 5709
3528 5713
3528 5715
3528 5716
3528 5717
3528 5720
3528 5729
3528 5731
3528 5735
3528 5737
3528 5739
3528 5741
3528 5752
3528 5759
3528 5760
3528 5763
3528 5764
3528 5769
3528 5771
3528 5773
3528 5776
3528 5777
3528 5779
3528 5785
3528 5787
3528 5795
3528 5797
3528 5798
3528 5800
3528 5811
3528 5817
3528 5823
3528 5824
3528 5825
3528 5834
3528 5836
3528 5840
3528 5853
3528 5854
3957 3958
3957 3959
3957 3960
3957 3961
3957 3962
3957 3963
3957 3964
3957 3965
3957 3966
3957 3967
3957 3968
3957 3969
3957 3970
3957 3971
3957 3972
3957 3973
3957 3974
3957 3975
3957 3976
3957 3977
3957 3978
3957 3979
3957 3980
3957 3981
3957 3982
3957 3983
3957 3984
3957 3985
3957 3986
3957 3987
3957 3988
3957 3989
3957 3990
3957 3991
3957 3992
3957 3993
3957 3994
3957 3995
3957 3996
3957 3997
3957 3998
3957 3999
3957 4000
3957 4001
3957 4002
3957 4003
3957 4004
3957 4005
3957 4006
3957 4007
3957 4008
3957 4009
3957 4010
3957 4011
3957 4012
3957 4013
3957 4014
3957 4015
3957 4016
3957 4018
3957 4019
3957 4020
3957 4021
3957 4022
3957 4023
3957 4024
3957 4025
3957 4026
3957 4027
3957 4028
3957 4029
3957 4030
3957 4031
3957 4033
3957 4035
3957 4036
3957 4037
3957 4038
3957 4039
3957 4040
3957 4041
3957 4042
3957 4043
3957 4044
3957 4045
3957 4046
3957 4047
3957 4048
3957 4049
3957 4050
3957 4051
3957 4052
3957 4053
3957 4054
3957 4055
3957 4057
3957 4058
3957 4059
3957 4060
3957 4061
3957 4063
3957 4064
3957 4065
3957 4066
3957 4067
3957 4069
3957 4071
3957 4072
3957 4073
3957 4074
3957 4075
3957 4076
3957 4077
3957 4078
3957 4079
3957 4080
3957 4081
3957 4082
3957 4083
3957 4084
3957 4085
3957 4086
3957 4087
3957 4088
3957 4089
3957 4091
3957 4093
3957 4094
3957 4095
3957 4096
3957 4098
3957 4099
3957 4100
3957 4105
3957 4106
3957 4108
3957 4109
3957 4111
3957 4112
3957 4116
3957 4117
3957 4119
3957 4121
3957 4126
3957 4158
3957 4169
3957 4192
3957 4202
3957 4255
3957 4300
3957 4306
3957 4368
3957 4378
4657 4658
4657 4833
4954 4955
