0 1
0 25
0 27
0 28
0 30
0 32
0 33
0 41
0 42
0 43
0 44
0 45
0 48
0 49
0 50
0 53
0 54
0 56
0 65
0 69
0 71
0 72
0 73
0 76
0 77
0 78
0 79
0 80
0 81
0 82
0 84
0 85
0 86
0 87
0 88
0 90
0 91
0 93
0 94
0 95
0 96
0 97
0 98
0 99
0 101
0 102
0 103
0 105
0 106
0 108
0 115
0 121
0 122
0 123
0 127
0 128
0 131
0 136
0 140
0 143
0 146
0 149
0 151
0 153
0 155
0 158
0 159
0 163
0 165
0 167
0 168
0 169
0 174
0 175
0 182
0 186
0 189
0 195
0 204
0 210
0 212
0 217
0 219
0 223
0 224
0 226
0 227
0 228
0 230
0 233
0 236
0 237
0 239
0 241
0 242
0 246
0 247
0 248
0 251
0 252
0 256
0 257
0 261
0 262
0 265
0 266
0 269
0 273
0 274
0 285
0 287
0 289
0 291
0 292
0 294
0 303
0 304
0 305
0 306
0 320
0 321
0 322
0 323
0 324
0 325
0 326
0 330
0 332
0 338
0 343
0 344
0 355
0 356
0 357
0 358
0 360
0 361
0 363
0 364
0 365
0 366
0 369
0 370
0 376
0 377
0 379
0 384
0 385
0 386
0 387
0 391
0 392
0 394
0 395
0 396
0 398
0 400
0 405
0 409
0 410
0 411
0 413
0 421
0 423
0 424
0 426
0 427
0 435
0 440
0 443
0 444
0 445
0 446
0 448
0 451
0 453
0 455
0 457
0 459
0 461
0 463
0 465
0 467
0 472
0 473
0 474
0 475
0 477
0 478
0 479
0 481
0 482
0 483
0 486
0 489
0 490
0 491
0 492
0 493
0 495
0 496
0 497
0 498
0 500
0 504
0 507
0 508
0 510
0 512
0 513
0 514
0 515
0 522
0 524
0 529
0 531
0 536
0 543
0 544
0 545
0 552
0 554
0 555
0 556
0 558
0 559
0 561
0 562
0 565
0 566
0 567
0 570
0 573
0 577
0 581
0 582
0 583
0 584
0 585
0 586
0 588
0 592
0 593
0 596
0 601
0 603
0 604
0 605
0 607
0 609
0 610
0 613
0 615
0 620
0 623
0 625
0 626
0 630
0 634
0 636
0 638
0 641
0 642
0 643
0 644
0 645
0 647
0 649
0 651
0 652
0 657
0 660
0 662
0 664
0 665
0 671
0 674
0 676
0 680
0 681
0 686
0 690
0 693
0 695
0 697
0 698
0 703
0 704
0 711
0 712
0 713
0 717
0 719
0 724
0 726
0 729
0 731
0 736
0 737
0 739
0 742
0 743
0 745
0 751
0 753
0 764
0 767
0 770
0 773
0 775
0 776
0 779
0 781
0 782
0 788
0 789
0 790
0 793
0 794
0 802
0 808
0 811
0 816
0 821
0 826
0 828
0 830
0 831
0 836
0 840
0 842
0 844
0 846
0 852
0 856
0 860
0 861
0 864
0 867
0 869
0 871
0 873
0 875
0 877
0 878
0 879
0 883
0 887
0 890
0 898
0 899
0 902
0 906
0 907
0 910
0 911
0 919
0 920
0 921
0 925
0 926
0 689
0 932
0 936
0 938
0 941
0 947
0 949
0 950
0 952
0 958
0 960
0 961
0 963
0 968
0 972
0 975
0 976
0 985
0 986
0 987
0 990
0 994
0 995
0 996
0 997
0 1002
0 1004
0 1009
0 1010
0 1011
0 1013
0 1014
0 1018
0 1019
0 1020
0 1021
0 1022
0 1023
0 1024
0 1029
0 1031
0 1032
0 1037
0 1043
0 1046
0 1057
0 1058
0 1060
0 1061
0 1062
0 1064
0 1065
0 1066
0 1068
0 1071
0 1072
0 1074
0 1075
0 1076
0 1079
0 1080
0 1081
0 1083
0 1084
0 1085
0 1086
0 1089
0 1091
0 1092
0 1094
0 1095
0 1097
0 1098
0 1101
0 1103
0 1106
0 1108
0 1110
0 1112
0 1116
0 1118
0 1120
0 1122
0 1123
0 1130
0 1131
0 1132
0 1134
0 1135
0 1137
0 1141
0 1145
0 1146
0 1150
0 1155
0 1161
0 1164
0 1169
0 1171
0 1172
0 1176
0 1178
0 1179
0 1180
0 1182
0 1186
0 1187
0 1189
0 1190
0 1195
0 1199
0 1200
0 1201
0 1202
0 1203
0 1207
0 1209
0 1211
0 1212
0 1215
0 1216
0 1217
0 1218
0 1219
0 1221
0 1224
0 1225
0 1227
0 1228
0 1229
0 1235
0 1236
0 1241
0 1242
0 1243
0 1245
0 1247
0 1251
0 1257
0 1258
0 1261
0 1263
0 1265
0 1266
0 1268
0 1271
0 1277
0 1278
0 1282
0 1283
0 1287
0 1289
0 1294
0 1295
0 1302
0 1303
0 1304
0 1309
0 1311
0 1313
0 1314
0 1317
0 1318
0 1319
0 1320
0 1321
0 1325
0 1326
0 1327
0 1328
0 1329
0 1330
0 1331
0 1332
0 1333
0 1334
0 1336
0 1337
0 1342
0 1349
0 1351
0 1352
0 1354
0 1355
0 1356
0 1358
0 1359
0 1363
0 1366
0 1367
0 1369
0 1370
0 1371
0 1377
0 1379
0 1382
0 1384
0 1385
0 1390
0 1393
0 1397
0 1398
0 1401
0 1402
0 1404
0 1406
0 1407
0 1408
0 1409
0 1410
0 1411
0 1412
0 1419
0 1421
0 1427
0 1428
0 1429
0 1431
0 1434
0 1435
0 1436
0 1440
0 1443
0 1447
0 1448
0 1450
0 1452
0 1455
0 1456
0 1457
0 1458
0 1460
0 1462
0 1464
0 1465
0 1466
0 1471
0 1473
0 1479
0 1483
0 1486
0 1487
0 1488
0 1492
0 1493
0 1494
0 1495
0 1496
0 1499
0 1504
0 1505
0 1506
0 1508
0 1509
0 1510
0 1513
0 1516
0 1521
0 1524
0 1527
0 1534
0 1536
0 1538
0 1541
0 1542
0 1543
0 1546
0 1549
0 1553
0 1554
0 1555
0 1556
0 1557
0 1558
0 1559
0 1561
0 1562
0 1563
0 1565
0 1566
0 1567
0 1568
0 1569
0 1574
0 1576
0 1577
0 1578
0 1580
0 1581
0 1583
0 1584
0 1585
0 1586
0 1588
0 1591
0 1593
0 1594
0 1598
0 1599
0 1604
0 1605
0 1607
0 1608
0 1610
0 1612
0 1613
0 1614
0 1617
0 1618
0 1619
0 1620
0 1621
0 1623
0 1625
0 1626
0 1627
0 1628
0 1630
0 1633
0 1636
0 1637
0 1638
0 1639
0 1640
0 1642
0 1643
0 1646
0 1651
0 1656
0 1657
0 1658
0 1659
0 1660
0 1663
0 1666
0 1667
0 1669
0 1670
0 1671
0 1672
0 1675
0 1676
0 1678
0 1682
0 1683
0 1684
0 1685
0 1687
0 1691
0 1694
0 1695
0 1697
0 1699
0 1701
0 1702
0 1705
0 1706
0 1709
0 1712
0 1713
0 1714
0 1715
0 1716
0 1719
0 1720
0 1722
0 1723
0 1725
0 1727
0 1730
0 1731
0 1734
0 1736
0 1740
0 1741
0 1744
0 1745
0 1746
0 1747
0 1748
0 1749
0 1750
0 1751
0 1752
0 1755
0 1756
0 1757
0 1758
0 1759
0 1761
0 1762
0 1763
0 1764
0 1765
0 1768
0 1770
0 1771
0 1773
0 1776
0 1777
0 1779
0 1782
0 1783
0 1785
0 1788
0 1793
0 1794
0 1796
0 1798
0 1800
0 1802
0 1803
0 1804
0 1805
0 1806
0 1807
0 1809
0 1812
0 1815
0 1816
0 1819
0 1821
0 1822
0 1825
0 1826
0 1828
0 1832
0 1834
0 1835
0 1836
0 1837
0 1838
0 1839
0 1840
0 1842
0 1847
0 1848
0 1850
0 1853
0 1856
0 1857
0 1859
0 1861
0 1866
0 1868
0 1869
0 1871
0 1874
0 1876
0 1877
0 1880
0 1882
0 1887
0 1889
0 1892
0 1895
0 1898
0 1903
0 1904
0 1907
0 1912
0 1914
0 1915
0 1920
0 1922
0 1923
0 1927
0 1928
0 1929
0 1930
0 1931
0 1932
0 1936
0 1937
0 1940
0 1941
0 1942
0 1945
0 1947
0 1948
0 1949
0 1951
0 1955
0 1957
0 1958
0 1959
0 1965
0 1966
0 1967
0 1968
0 1969
0 1971
0 1973
0 1974
0 1977
0 1978
0 1980
0 1983
0 1985
0 1987
0 1989
0 1990
0 1991
0 1994
0 1995
0 2003
0 2011
0 2013
0 2017
0 2022
0 2023
0 2024
0 2025
0 2026
0 2030
0 2036
0 2041
0 2046
0 2048
0 2049
0 2050
0 2052
0 2054
0 2056
0 2057
0 2063
0 2071
0 2072
0 2075
0 2076
0 2077
0 2079
0 2084
0 2085
0 2086
0 2087
0 2089
0 2093
0 2094
0 2099
0 2104
0 2107
0 2120
0 2121
0 2122
0 2125
0 2128
0 2130
0 2134
0 2135
0 2136
0 2138
0 2141
0 2143
0 2146
0 2151
0 2155
0 2156
0 2159
0 2161
0 2167
0 2202
0 2208
0 2216
0 2219
0 2225
0 2233
0 2240
0 2243
0 2250
0 2253
0 2266
0 2268
0 2272
0 2274
0 2278
0 2280
0 2290
0 2291
0 2292
0 2296
0 2297
0 2298
0 2310
0 2324
0 2326
0 2334
0 2336
0 2337
0 2339
0 2340
0 2344
0 2346
0 2348
0 2350
0 2356
0 2360
0 2362
0 2365
0 2367
0 2370
0 2373
0 2375
0 2378
0 2380
0 2382
0 2386
0 2387
0 2390
0 2392
0 2394
0 2396
0 2398
0 2405
0 2418
0 2419
0 2420
0 2425
0 2427
0 2429
0 2431
0 2433
0 2436
0 2437
0 2999
0 3165
0 3430
0 3446
0 3606
0 4060
0 4067
0 4289
0 4380
0 4527
0 4555
0 4584
0 4677
0 4681
0 4683
0 4685
0 4689
0 4692
0 4696
0 4698
0 4699
0 4701
0 4702
0 4704
0 4705
0 4706
0 4707
0 4708
0 4710
0 4711
0 4716
0 4739
0 4745
0 4747
0 4748
0 4752
0 4758
0 4760
0 4762
0 4763
0 4764
0 4766
0 4769
0 4770
0 4774
0 4776
0 4777
0 4778
0 4779
0 4780
0 4781
0 4782
0 4785
0 4786
0 4791
0 4792
0 4794
0 4795
0 4797
0 4799
0 4800
0 4802
0 4807
0 4809
0 4810
0 4811
0 4812
0 4813
0 4814
0 4818
0 4819
0 4823
0 4825
0 4826
0 4829
0 4834
0 4836
0 4839
0 4841
0 4842
0 4843
0 4844
0 4854
0 4861
0 4866
0 4869
0 4872
0 4874
0 4875
0 4876
0 4877
0 4880
0 4883
0 4884
0 4888
0 4891
0 4892
0 4895
0 4902
0 4906
0 4907
0 4911
0 4914
0 4923
0 4931
0 4932
0 4933
0 4936
0 4938
0 4941
0 4944
0 4949
0 4950
0 4951
0 4952
0 4953
0 4955
0 4956
0 4958
0 4959
0 4960
0 4962
0 4964
0 4965
0 4967
0 4968
0 4974
0 4978
0 4980
0 4984
0 4986
0 4987
0 4991
0 4992
0 4996
0 4997
0 4998
0 4999
0 5002
0 5003
0 5004
0 5005
0 5009
0 5011
0 5012
0 5016
0 5017
0 5018
0 5020
0 5021
0 5022
0 5024
0 5025
0 5026
0 5029
0 5031
0 5034
0 5035
0 5041
0 5042
0 5043
0 5044
0 5045
0 5046
0 5049
0 5050
0 5054
0 5055
0 5057
0 5058
0 5059
0 5065
0 5066
0 5067
0 5069
0 5070
0 5073
0 5076
0 5078
0 5079
0 5080
0 5082
0 5084
0 5089
0 5091
0 5092
0 5093
0 5100
0 5101
0 5108
0 5114
0 5120
0 5121
0 5122
0 5123
0 5125
0 5126
0 5132
0 5135
0 5136
0 5139
0 5140
0 5141
0 5144
0 5145
0 5148
0 5152
0 5156
0 5159
0 5161
0 5163
0 5166
0 5173
0 5174
0 5176
0 5177
0 5178
0 5179
0 5180
0 5183
0 5185
0 5186
0 5187
0 5192
0 5198
0 5199
0 5200
0 5205
0 5206
0 5211
0 5213
0 5215
0 5216
0 5218
0 5219
0 5220
0 5224
0 5228
0 5230
0 5231
0 5234
0 5235
0 5241
0 5246
0 5250
0 5268
0 5271
0 5273
0 5281
0 5284
0 5285
0 5286
0 5287
0 5289
0 5291
0 5295
0 5296
0 5297
0 5299
0 5300
0 5302
0 5303
0 5305
0 5306
0 5307
0 5310
0 5312
0 5314
0 5315
0 5316
0 5321
0 5323
0 5328
0 5343
0 5346
0 5349
0 5350
0 5352
0 5356
0 5357
0 5361
0 5362
0 5363
0 5364
0 5365
0 5369
0 5372
0 5374
0 5375
0 5376
0 5377
0 5378
0 5379
0 5380
0 5381
0 5384
0 5386
0 5387
0 5388
0 5391
0 5394
0 5398
0 5415
0 5417
0 5425
0 5432
0 5433
0 5435
0 5436
0 5437
0 5440
0 5441
0 5442
0 5444
0 5447
0 5450
0 5451
0 5453
0 5458
0 5460
0 5463
0 5466
0 5467
0 5468
0 5469
0 5471
0 5473
0 5474
0 5475
0 5477
0 5478
0 5485
0 5486
0 5487
0 5494
0 5495
0 5497
0 5502
0 5505
0 5509
0 5515
0 5518
0 5520
0 5522
0 5525
0 5526
0 5529
0 5531
0 5532
0 5533
0 5535
0 5540
0 5541
0 5542
0 5543
0 5547
0 5548
0 5554
0 5557
0 5564
0 5570
0 5573
0 5575
0 5582
0 5585
0 5586
0 5593
0 5595
0 5598
0 5600
0 5603
0 5607
0 5608
0 5612
0 5615
0 5618
0 5621
0 5622
0 5623
0 5624
0 5625
0 5626
0 5631
0 5632
0 5635
0 5636
0 5641
0 5642
0 5644
0 5645
0 5646
0 5649
0 5651
0 5653
0 5655
0 5657
0 5658
0 5660
0 5664
0 5665
0 5668
0 5669
0 5670
0 5671
0 5672
0 5675
0 5679
0 5680
0 5682
0 5683
0 5684
0 5685
0 5687
0 5693
0 5694
0 5695
0 5733
0 5743
0 5744
0 5746
0 5748
0 5749
0 5750
0 5752
0 5753
0 5754
0 5757
0 5765
0 5767
0 5769
0 5770
0 5771
0 5772
0 5773
0 5775
0 5780
0 5781
0 5795
0 5811
0 5813
0 5819
0 5821
0 5825
0 5826
0 5830
0 5833
0 5834
0 5835
0 5836
0 5839
0 5841
0 5843
0 5855
0 5857
0 5863
0 6211
0 6219
0 6224
0 6226
0 6227
0 6228
0 6233
0 6236
0 6238
0 6244
0 6258
0 6285
0 6317
0 6324
0 6328
0 6451
0 6456
0 6487
0 6514
0 6657
0 6717
0 6770
0 6839
0 6842
0 6912
0 7476
0 7675
0 7678
0 7682
0 7686
0 7687
0 7690
0 7699
0 7705
0 7708
0 7710
0 7724
0 7725
0 7741
0 7746
0 7748
0 7752
0 7762
0 7767
0 7769
0 7777
0 7785
0 7790
0 7791
0 7792
0 7803
0 7808
0 7809
0 7821
0 7823
0 7825
0 7829
0 7833
0 7906
0 7912
0 7913
0 7916
0 7926
0 7931
0 7933
0 7935
0 7938
0 7941
0 7949
0 7950
0 7952
0 7965
0 7969
0 7970
0 7975
0 7980
0 7993
0 8020
0 8021
0 847
0 8027
0 8031
0 8040
0 8043
0 8066
0 8080
0 8081
0 8911
0 9024
0 9121
0 9133
0 9224
0 9229
0 9233
0 9238
0 9241
0 9248
0 9254
0 9255
0 9267
0 9269
0 9272
0 9276
0 9278
0 9280
0 9289
0 9307
0 9384
0 9426
0 9450
0 9451
0 9453
0 9454
0 9455
0 9456
0 9457
0 9458
0 9460
0 9461
0 9462
0 9463
0 9464
0 9465
0 9467
0 9468
0 9469
0 9470
0 9471
0 9472
0 9473
0 9474
0 9475
0 9476
0 9477
0 9478
0 9479
0 9480
0 9481
0 9482
0 9483
0 9484
0 9485
0 9486
0 9487
0 9488
0 9489
0 9491
0 9492
0 9493
0 9494
0 9495
0 9496
0 9497
0 9498
0 9499
0 9500
0 9501
0 9502
0 9503
0 9504
0 9505
0 9506
0 9507
0 9508
0 9509
0 9510
0 9511
0 9512
0 9513
0 9514
0 9517
0 9518
0 9519
0 9520
0 9523
0 9524
0 9525
0 9526
0 9527
0 9528
0 9530
0 9532
0 9533
0 9535
0 9537
0 9538
0 9540
0 9541
0 9542
0 9543
0 9544
0 9545
0 9546
0 9547
0 9549
0 9550
0 9551
0 9552
0 9553
0 9554
0 9555
0 9557
0 9558
0 9559
0 9560
0 9561
0 9562
0 9563
0 9565
0 9566
0 9567
0 9568
0 9571
0 9572
0 9573
0 9574
0 9575
0 9580
0 9581
0 9582
0 9583
0 9584
0 9585
0 9586
0 9587
0 9588
0 9590
0 9591
0 9592
0 9593
0 9594
0 9595
0 9596
0 9597
0 9598
0 9599
0 9600
0 9602
0 9603
0 9604
0 9605
0 9606
0 9607
0 9609
0 9610
0 9611
0 9612
0 9613
0 9614
0 9615
0 9616
0 9619
0 9621
0 9622
0 9624
0 9625
0 9626
0 9627
0 9628
0 9630
0 9631
0 9632
0 9633
0 9634
0 9635
0 9638
0 9643
0 9658
0 9659
0 9665
0 9669
0 9677
0 9687
0 9690
0 9693
0 9694
0 9696
0 9699
0 9712
0 9722
0 9725
0 9717
0 9728
0 9733
0 9737
0 9744
0 9752
0 9754
0 9757
0 9761
0 9763
0 9765
0 9766
0 9770
0 9776
0 9781
0 9786
0 9787
0 9791
0 9801
0 9803
0 9804
0 9805
0 9807
0 9809
0 9814
0 9816
0 9818
0 9823
0 9824
0 9826
0 9827
0 9830
0 9831
0 9832
0 9833
0 9835
0 9837
0 9842
0 9846
0 9848
0 9849
0 9851
0 9852
0 9854
0 9860
0 9861
0 9865
0 9866
0 9873
0 9874
0 9875
0 9878
0 9879
0 9883
0 9887
0 9897
0 9899
0 9903
0 9904
0 9906
0 9907
0 9909
0 9920
0 9922
0 9923
0 9934
0 9949
0 9952
0 9953
0 9955
0 9964
0 9969
0 9972
0 9976
0 9978
0 9979
0 9983
0 9984
0 9985
0 9988
0 9991
0 9992
0 9996
0 10005
0 10015
0 10018
0 10025
0 10026
0 10033
0 10054
0 10061
0 10065
0 10069
0 10072
0 10077
0 10089
0 10100
0 10102
0 10109
0 10113
0 10121
0 10123
0 10132
0 10135
0 10137
0 10140
0 10144
0 10148
0 10150
0 10151
0 10152
0 10155
0 10168
0 10169
0 10172
0 10173
0 10174
0 10175
0 10176
0 10177
0 10178
0 10179
0 10180
0 10181
0 10182
0 10183
0 10184
0 10185
0 10186
0 10187
0 10188
0 10189
0 10190
0 10191
0 10192
0 10193
0 10194
0 10195
0 10196
0 10197
0 10198
0 10199
0 10200
0 10201
0 10202
0 10203
0 10204
0 10205
0 10206
0 10207
0 10208
0 10209
0 10210
0 10211
0 10212
0 10213
0 10215
0 10216
0 10217
0 10219
0 10220
0 10221
0 10222
0 10223
0 10224
0 10226
0 10227
0 10228
0 10229
0 10230
0 10231
0 10232
0 10233
0 10234
0 10236
0 10237
0 10240
0 10241
0 10242
0 10243
0 10244
0 10245
0 10247
0 10248
0 10249
0 10250
0 10251
0 10252
0 10253
0 10254
0 10255
0 10256
0 10257
0 10258
0 10259
0 10260
0 10261
0 10262
0 10263
0 10264
0 10266
0 10267
0 10268
0 10270
0 10271
0 10272
0 10273
0 10274
0 10275
0 10276
0 10277
0 10279
0 10282
0 10283
0 10284
0 10287
0 10288
0 10289
0 10291
0 10292
0 10293
0 10294
0 10295
0 10296
0 10299
0 10300
0 10301
0 10302
0 10303
0 10304
0 10305
0 10306
0 10307
0 10309
0 10311
0 10313
0 10314
0 10315
0 10316
0 10318
0 10319
0 10320
0 10321
0 10322
0 10325
0 10326
0 10327
0 10328
0 10329
0 10331
0 10332
0 10333
0 10334
0 10335
0 10336
0 10337
0 10338
0 10339
0 10340
0 10341
0 10342
0 10344
0 10345
0 10346
0 10347
0 10350
0 10352
0 10353
0 10354
0 10356
0 10358
0 10359
0 10360
0 10361
0 10362
0 10363
0 10364
0 10366
0 10367
0 10368
0 10369
0 10370
0 10371
0 10372
0 10373
0 10375
0 10376
0 10377
0 10378
0 10382
0 10383
0 10384
0 10385
0 10387
0 10388
0 10390
0 10391
0 10392
0 10393
0 10394
0 10395
0 10396
0 10398
0 10399
0 10400
0 10401
0 10402
0 10403
0 10404
0 10405
0 10407
0 10408
0 10409
0 10411
0 10413
0 10415
0 10417
0 10418
0 10420
0 10421
0 10423
0 10424
0 10425
0 10426
0 10427
0 10428
0 10430
0 10432
0 10433
0 10434
0 10437
0 10438
0 10439
0 10440
0 10441
0 10445
0 10448
0 10449
0 10450
0 10451
0 10452
0 10453
0 10454
0 10455
0 10456
0 10457
0 10460
0 10461
0 10462
0 10464
0 10465
0 10466
0 10468
0 10469
0 10472
0 10473
0 10474
0 10475
0 10477
0 10478
0 10480
0 10481
0 10482
0 10484
0 10487
0 10488
0 10489
0 10490
0 10491
0 10492
0 10493
0 10494
0 10495
0 10496
0 10497
0 10498
0 10500
0 10501
0 10502
0 10503
0 10504
0 10505
0 10508
0 10509
0 10510
0 10512
0 10513
0 10514
0 10515
0 10516
0 10517
0 10518
0 10519
0 10521
0 10523
0 10524
0 10525
0 10526
0 10528
0 10529
0 10530
0 10531
0 10532
0 10534
0 10535
0 10536
0 10537
0 10540
0 10541
0 10543
0 10544
0 10545
0 10546
0 10547
0 10548
0 10549
0 10550
0 10552
0 10554
0 10555
0 10556
0 10557
0 10558
0 10559
0 10560
0 10561
0 10562
0 10563
0 10564
0 10565
0 10566
0 10567
0 10568
0 10569
0 10570
0 10571
0 10572
0 10573
0 10574
0 10575
0 10576
0 10578
0 10579
0 10580
0 10581
0 10582
0 10583
0 10586
0 10587
0 10588
0 10589
0 10590
0 10591
0 10592
0 10594
0 10595
0 10597
0 10598
0 10599
0 10600
0 10601
0 10602
0 10603
0 10604
0 10605
0 10606
0 10607
0 10608
0 10609
0 10610
0 10611
0 10612
0 10613
0 10614
0 10615
0 10616
0 10617
0 10618
0 10619
0 10620
0 10621
0 10622
0 10623
0 10626
0 10627
0 10628
0 10629
0 10630
0 10631
0 10632
0 10633
0 10634
0 10635
0 10636
0 10637
0 10638
0 10640
0 10641
0 10642
0 10643
0 10644
0 10646
0 10647
0 10648
0 10649
0 10650
0 10651
0 10654
0 10655
0 10656
0 10657
0 10658
0 10659
0 10660
0 10661
0 10662
0 10663
0 10664
0 10666
0 10668
0 10669
0 10670
0 10671
0 10673
0 10674
0 10675
0 10676
0 10677
0 10678
0 10679
0 10680
0 10681
0 10682
0 10683
0 10684
0 10685
0 10686
0 10687
0 10690
0 10691
0 10692
0 10693
0 10694
0 10695
0 10696
0 10698
0 10699
0 10700
0 10701
0 10702
0 10703
0 10704
0 10705
0 10706
0 10707
0 10708
0 10710
0 10711
0 10712
0 10713
0 10714
0 10715
0 10716
0 10717
0 10718
0 10719
0 10720
0 10721
0 10722
0 10723
0 10724
0 10725
0 10726
0 10727
0 10728
0 10729
0 10730
0 10731
0 10732
0 10733
0 10734
0 10735
0 10736
0 10737
0 10738
0 10739
0 10740
0 10742
0 10743
0 10744
0 10745
0 10746
0 10747
0 10748
0 10749
0 10750
0 10751
0 10752
0 10753
0 10754
0 10756
0 10757
0 10759
0 10761
0 10762
0 10763
0 10764
0 10765
0 10766
0 10767
0 10768
0 10770
0 10771
0 10772
0 10774
0 10775
0 10776
0 10777
0 10778
0 10779
0 10780
0 10781
0 10782
0 10783
0 10784
0 10785
0 10786
0 10787
0 10788
0 10792
0 10793
0 10794
0 10795
0 10796
0 10797
0 10798
0 10799
0 10800
0 10801
0 10802
0 10803
0 10804
0 10805
0 10806
0 10807
0 10808
0 10809
0 10811
0 10812
0 10813
0 10814
0 10815
0 10816
0 10818
0 10820
0 10823
0 10824
0 10827
0 10828
0 10829
0 10830
0 10831
0 10832
0 10834
0 10835
0 10836
0 10838
0 10840
0 10841
0 10843
0 10844
0 10846
0 10848
0 10850
0 10851
0 10853
0 10854
0 10856
0 10860
0 10861
0 10862
0 10863
0 10866
0 10867
0 10870
0 10871
0 10872
0 10873
0 10875
0 10876
0 10877
0 10878
0 10879
0 10882
0 10883
0 10885
0 10891
0 10892
0 10897
0 10898
0 10899
0 10901
0 10903
0 10904
0 10906
0 10907
0 10908
0 10909
0 10910
0 10911
0 10913
0 10915
0 10916
0 10918
0 10919
0 10920
0 10921
0 10922
0 10923
0 10925
0 10927
0 10931
0 10932
0 10933
0 10937
0 10941
0 10942
0 10943
0 10946
0 10955
0 10956
0 10959
0 10963
0 10966
0 10967
0 10968
0 10970
0 10973
0 10978
0 10980
0 10984
0 10985
0 10986
0 10987
0 10992
0 10994
0 10998
0 11000
0 11004
0 11005
0 11007
0 11009
0 11010
0 11016
0 11020
0 11024
0 11025
0 11026
0 11027
0 11029
0 11030
0 11031
0 11032
0 11033
0 11036
0 11039
0 11040
0 11043
0 11044
0 11046
0 11052
0 11054
0 11056
0 11058
0 11092
0 11138
0 11189
0 11191
0 11194
0 11195
0 11200
0 11201
0 11202
0 11203
0 11205
0 11206
0 11210
0 11211
0 11212
0 11215
0 11218
0 11219
0 11220
0 11221
0 11222
0 11224
0 11225
0 11228
0 11230
0 11231
0 11232
0 11233
0 11234
0 11235
0 11236
0 11237
0 11238
0 11240
0 11241
0 11247
0 11249
0 11251
0 11252
0 11253
0 11255
0 11257
0 11258
0 11260
0 11261
0 11262
0 11263
0 11264
0 11266
0 11277
0 11278
0 11279
0 11284
0 11288
0 11289
0 11291
0 11294
0 11296
0 11298
0 11300
0 11301
0 11302
0 11303
0 11304
0 11305
0 11307
0 11308
0 11310
0 11311
0 11312
0 11313
0 11314
0 11315
0 11316
0 11317
0 11318
0 11319
0 11320
0 11322
0 11323
0 11324
0 11325
0 11327
0 11328
0 11329
0 11330
0 11331
0 11332
0 11334
0 11335
0 11336
0 11337
0 11340
0 11341
0 11342
0 11343
0 11346
0 11350
0 11353
0 11354
0 11355
0 11356
0 11357
2 3
2 4
2 5
2 6
2 7
2 8
2 9
2 12
2 13
2 14
2 15
2 16
2 18
2 24
2 26
2 29
2 31
2 34
2 35
2 57
2 64
2 68
2 83
2 92
2 104
2 109
2 110
2 111
2 116
2 117
2 124
2 129
2 134
2 138
2 139
2 147
2 148
2 162
2 172
2 176
2 185
2 190
2 198
2 201
2 206
2 213
2 216
2 229
2 231
2 238
2 253
2 260
2 270
2 278
2 284
2 293
2 295
2 296
2 301
2 313
2 329
2 331
2 335
2 339
2 345
2 346
2 352
2 373
2 378
2 388
2 393
2 399
2 406
2 407
2 414
2 416
2 430
2 438
2 447
2 485
2 502
2 528
2 537
2 547
2 564
2 568
2 590
2 608
2 618
2 622
2 624
2 658
2 663
2 667
2 668
2 677
2 679
2 683
2 692
2 705
2 708
2 725
2 727
2 765
2 784
2 786
2 787
2 791
2 823
2 825
2 832
2 849
2 854
2 855
2 862
2 882
2 884
2 888
2 895
2 901
2 927
2 930
2 967
2 984
2 998
2 1008
2 1017
2 1027
2 1028
2 1038
2 1041
2 1042
2 1069
2 1077
2 1090
2 1099
2 1117
2 1121
2 1127
2 1154
2 1162
2 1170
2 1177
2 1231
2 1234
2 1260
2 1270
2 1279
2 1288
2 1293
2 1296
2 1297
2 1305
2 1315
2 1316
2 1360
2 1361
2 1365
2 1368
2 1383
2 1387
2 1395
2 1396
2 1416
2 1420
2 1422
2 1437
2 1439
2 1446
2 1459
2 1463
2 1498
2 1501
2 1548
2 1551
2 1552
2 1611
2 1624
2 1650
2 1679
2 1733
2 1743
2 1778
2 1801
2 1823
2 1845
2 1860
2 1865
2 1872
2 1893
2 1905
2 1913
2 1952
2 1970
2 1976
2 1999
2 2001
2 2007
2 2009
2 2010
2 2014
2 2053
2 2065
2 2068
2 2074
2 2100
2 2188
2 2284
2 2285
2 2289
2 2294
2 2301
2 2333
2 2381
2 2409
2 2410
2 2412
2 2414
2 2417
2 2423
2 2424
2 2426
2 2432
2 2434
2 2435
2 2438
2 2439
2 2440
2 2441
2 2442
2 2443
2 2444
2 2445
2 2446
2 2449
2 2450
2 2451
2 2452
2 2453
2 2454
2 2455
2 2456
2 2457
2 2458
2 2459
2 2460
2 2461
2 2462
2 2463
2 2464
2 2465
2 2466
2 2467
2 2468
2 2469
2 2470
2 2471
2 2472
2 2473
2 2474
2 2475
2 2476
2 2477
2 2478
2 2479
2 2480
2 2481
2 2482
2 2483
2 2484
2 2485
2 2486
2 2487
2 2488
2 2489
2 2490
2 2491
2 2492
2 2493
2 2494
2 2495
2 2496
2 2497
2 2498
2 2499
2 2500
2 2501
2 2502
2 2503
2 2504
2 2505
2 2506
2 2507
2 2508
2 2509
2 2510
2 2511
2 2512
2 2513
2 2514
2 2515
2 2516
2 2517
2 2518
2 2519
2 2520
2 2521
2 2522
2 2523
2 2524
2 2525
2 2526
2 2527
2 2528
2 2529
2 2530
2 2531
2 2532
2 2533
2 2534
2 2535
2 2536
2 2537
2 2538
2 2539
2 2540
2 2541
2 2542
2 2543
2 2544
2 2545
2 2546
2 2547
2 2548
2 2549
2 2550
2 2551
2 2552
2 2553
2 2554
2 2555
2 2556
2 2557
2 2558
2 2559
2 2560
2 2561
2 2562
2 2563
2 2564
2 2565
2 2566
2 2567
2 2568
2 2569
2 2570
2 2571
2 2572
2 2573
2 2574
2 2575
2 2576
2 2577
2 2578
2 2579
2 2580
2 2581
2 2582
2 2583
2 2584
2 2585
2 2586
2 2587
2 2588
2 2589
2 2590
2 2591
2 2592
2 2593
2 2594
2 2595
2 2596
2 2597
2 2598
2 2599
2 2600
2 2601
2 2602
2 2603
2 2604
2 2605
2 2606
2 2607
2 2608
2 2609
2 2610
2 2611
2 2612
2 2613
2 2614
2 2615
2 2616
2 2617
2 2618
2 2619
2 2620
2 2621
2 2622
2 2623
2 2624
2 2625
2 2626
2 2627
2 2628
2 2629
2 2630
2 2631
2 2632
2 2633
2 2634
2 2635
2 2636
2 2637
2 2638
2 2639
2 2640
2 2641
2 2642
2 2643
2 2644
2 2645
2 2646
2 2647
2 2648
2 2649
2 2650
2 2651
2 2652
2 2653
2 2654
2 2655
2 2656
2 2657
2 2658
2 2659
2 2660
2 2661
2 2662
2 2663
2 2664
2 2665
2 2666
2 2667
2 2668
2 2669
2 2670
2 2671
2 2672
2 2673
2 2674
2 2675
2 2676
2 2677
2 2678
2 2679
2 2680
2 2681
2 2682
2 2683
2 2684
2 2685
2 2686
2 2687
2 2688
2 2689
2 2690
2 2691
2 2692
2 2693
2 2694
2 2695
2 2696
2 2697
2 2698
2 2699
2 2700
2 2701
2 2702
2 2703
2 2704
2 2705
2 2706
2 2707
2 2708
2 2709
2 2710
2 2711
2 2712
2 2713
2 2714
2 2715
2 2716
2 2717
2 2718
2 2719
2 2720
2 2721
2 2722
2 2723
2 2724
2 2725
2 2726
2 2727
2 2728
2 2729
2 2730
2 2731
2 2732
2 2733
2 2734
2 2735
2 2736
2 2737
2 2738
2 2739
2 2740
2 2741
2 2742
2 2743
2 2744
2 2745
2 2746
2 2747
2 2748
2 2749
2 2750
2 2751
2 2752
2 2753
2 2754
2 2755
2 2756
2 2757
2 2758
2 2759
2 2760
2 2761
2 2762
2 2763
2 2764
2 2765
2 2766
2 2767
2 2768
2 2769
2 2770
2 2771
2 2772
2 2773
2 2774
2 2775
2 2776
2 2777
2 2778
2 2779
2 2780
2 2781
2 2782
2 2783
2 2784
2 2785
2 2786
2 2787
2 2788
2 2789
2 2790
2 2791
2 2792
2 2793
2 2794
2 2795
2 2796
2 2797
2 2798
2 2799
2 2800
2 2801
2 2802
2 2803
2 2804
2 2805
2 2806
2 2807
2 2808
2 2809
2 2810
2 2811
2 2812
2 2813
2 2814
2 2815
2 2816
2 2817
2 2818
2 2819
2 2820
2 2821
2 2822
2 2823
2 2824
2 2825
2 2826
2 2827
2 2828
2 2829
2 2830
2 2831
2 2832
2 2833
2 2834
2 2835
2 2836
2 2837
2 2838
2 2839
2 2840
2 2841
2 2842
2 2843
2 2844
2 2845
2 2846
2 2847
2 2848
2 2849
2 2850
2 2851
2 2852
2 2853
2 2854
2 2855
2 2856
2 2857
2 2858
2 2859
2 2860
2 2861
2 2862
2 2863
2 2864
2 2865
2 2866
2 2867
2 2868
2 2869
2 2870
2 2871
2 2872
2 2873
2 2874
2 2875
2 2876
2 2877
2 2878
2 2879
2 2880
2 2881
2 2882
2 2883
2 2884
2 2885
2 2886
2 2887
2 2888
2 2889
2 2890
2 2891
2 2892
2 2893
2 2894
2 2895
2 2896
2 2897
2 2898
2 2899
2 2900
2 2901
2 2902
2 2903
2 2904
2 2905
2 2906
2 2907
2 2908
2 2909
2 2910
2 2911
2 2912
2 2913
2 2914
2 2915
2 2916
2 2917
2 2918
2 2919
2 2920
2 2921
2 2922
2 2923
2 2924
2 2925
2 2926
2 2927
2 2928
2 2929
2 2930
2 2931
2 2932
2 2933
2 2934
2 2936
2 2937
2 2938
2 2939
2 2940
2 2941
2 2942
2 2943
2 2944
2 2945
2 2946
2 2947
2 2948
2 2949
2 2950
2 2951
2 2952
2 2953
2 2954
2 2955
2 2956
2 2957
2 2958
2 2959
2 2960
2 2961
2 2962
2 2963
2 2964
2 2965
2 2966
2 2967
2 2968
2 2969
2 2970
2 2971
2 2972
2 2973
2 2974
2 2975
2 2976
2 2977
2 2978
2 2979
2 2980
2 2981
2 2982
2 2983
2 2984
2 2985
2 2986
2 2987
2 2988
2 2989
2 2990
2 2991
2 2992
2 2993
2 2994
2 2995
2 2996
2 2997
2 2998
2 3000
2 3001
2 3002
2 3003
2 3004
2 3005
2 3006
2 3008
2 3009
2 3010
2 3011
2 3012
2 3013
2 3014
2 3015
2 3016
2 3017
2 3018
2 3019
2 3020
2 3021
2 3022
2 3023
2 3024
2 3025
2 3026
2 3027
2 3028
2 3029
2 3030
2 3031
2 3032
2 3033
2 3034
2 3035
2 3036
2 3037
2 3038
2 3039
2 3040
2 3041
2 3042
2 3043
2 3044
2 3045
2 3046
2 3047
2 3048
2 3049
2 3050
2 3051
2 3052
2 3053
2 3054
2 3055
2 3056
2 3057
2 3058
2 3059
2 3060
2 3061
2 3062
2 3063
2 3064
2 3065
2 3066
2 3067
2 3068
2 3069
2 3070
2 3071
2 3072
2 3073
2 3074
2 3075
2 3076
2 3077
2 3078
2 3079
2 3080
2 3081
2 3082
2 3083
2 3084
2 3085
2 3086
2 3087
2 3088
2 3089
2 3090
2 3091
2 3092
2 3093
2 3094
2 3095
2 3096
2 3097
2 3098
2 3099
2 3100
2 3101
2 3102
2 3103
2 3104
2 3105
2 3106
2 3107
2 3108
2 3109
2 3110
2 3111
2 3112
2 3113
2 3114
2 3115
2 3116
2 3117
2 3118
2 3119
2 3120
2 3121
2 3122
2 3123
2 3124
2 3125
2 3126
2 3127
2 3128
2 3129
2 3130
2 3131
2 3132
2 3133
2 3134
2 3135
2 3136
2 3137
2 3138
2 3139
2 3140
2 3141
2 3142
2 3143
2 3144
2 3145
2 3146
2 3147
2 3148
2 3149
2 3150
2 3151
2 3152
2 3153
2 3154
2 3155
2 3156
2 3157
2 3158
2 3159
2 3160
2 3161
2 3162
2 3163
2 3164
2 3166
2 3167
2 3168
2 3169
2 3170
2 3171
2 3172
2 3173
2 3174
2 3175
2 3176
2 3177
2 3178
2 3179
2 3180
2 3181
2 3182
2 3183
2 3184
2 3185
2 3186
2 3187
2 3188
2 3189
2 3190
2 3191
2 3192
2 3193
2 3194
2 3195
2 3196
2 3197
2 3198
2 3199
2 3200
2 3201
2 3202
2 3203
2 3204
2 3205
2 3206
2 3207
2 3208
2 3209
2 3210
2 3211
2 3212
2 3213
2 3214
2 3215
2 3216
2 3217
2 3218
2 3219
2 3220
2 3221
2 3222
2 3223
2 3224
2 3225
2 3226
2 3227
2 3228
2 3229
2 3230
2 3231
2 3232
2 3233
2 3234
2 3235
2 3236
2 3237
2 3238
2 3239
2 3240
2 3241
2 3242
2 3243
2 3244
2 3245
2 3246
2 3247
2 3248
2 3249
2 3250
2 3251
2 3252
2 3253
2 3254
2 3255
2 3256
2 3257
2 3258
2 3259
2 3260
2 3261
2 3262
2 3263
2 3264
2 3265
2 3266
2 3267
2 3268
2 3269
2 3270
2 3271
2 3272
2 3273
2 3274
2 3275
2 3276
2 3277
2 3278
2 3279
2 3280
2 3281
2 3282
2 3283
2 3284
2 3285
2 3286
2 3287
2 3288
2 3289
2 3290
2 3291
2 3292
2 3293
2 3295
2 3296
2 3297
2 3298
2 3299
2 3300
2 3301
2 3302
2 3303
2 3304
2 3305
2 3306
2 3307
2 3308
2 3309
2 3310
2 3311
2 3312
2 3313
2 3314
2 3316
2 3317
2 3318
2 3319
2 3320
2 3321
2 3322
2 3323
2 3324
2 3325
2 3326
2 3327
2 3328
2 3329
2 3330
2 3331
2 3332
2 3333
2 3334
2 3335
2 3336
2 3337
2 3338
2 3339
2 3340
2 3341
2 3342
2 3343
2 3344
2 3345
2 3346
2 3347
2 3348
2 3349
2 3350
2 3351
2 3352
2 3353
2 3354
2 3355
2 3356
2 3357
2 3358
2 3359
2 3360
2 3361
2 3362
2 3363
2 3364
2 3365
2 3366
2 3367
2 3368
2 3369
2 3370
2 3371
2 3372
2 3373
2 3374
2 3375
2 3376
2 3377
2 3378
2 3379
2 3380
2 3381
2 3382
2 3383
2 3384
2 3385
2 3386
2 3387
2 3388
2 3389
2 3390
2 3391
2 3392
2 3393
2 3394
2 3395
2 3396
2 3397
2 3398
2 3399
2 3400
2 3401
2 3402
2 3403
2 3404
2 3405
2 3406
2 3407
2 3408
2 3409
2 3410
2 3411
2 3412
2 3413
2 3414
2 3415
2 3416
2 3417
2 3418
2 3419
2 3420
2 3421
2 3422
2 3423
2 3424
2 3425
2 3426
2 3427
2 3428
2 3429
2 3431
2 3432
2 3433
2 3434
2 3435
2 3436
2 3437
2 3438
2 3439
2 3440
2 3441
2 3442
2 3443
2 3444
2 3445
2 3447
2 3448
2 3449
2 3450
2 3451
2 3452
2 3453
2 3454
2 3455
2 3456
2 3457
2 3458
2 3459
2 3460
2 3461
2 3462
2 3463
2 3464
2 3465
2 3466
2 3467
2 3468
2 3469
2 3470
2 3471
2 3472
2 3473
2 3474
2 3475
2 3476
2 3477
2 3478
2 3479
2 3480
2 3481
2 3482
2 3483
2 3484
2 3485
2 3486
2 3487
2 3488
2 3489
2 3490
2 3491
2 3492
2 3493
2 3494
2 3495
2 3496
2 3497
2 3498
2 3499
2 3500
2 3501
2 3502
2 3503
2 3504
2 3505
2 3506
2 3507
2 3508
2 3509
2 3510
2 3511
2 3512
2 3513
2 3514
2 3515
2 3516
2 3517
2 3518
2 3519
2 3520
2 3521
2 3522
2 3523
2 3524
2 3526
2 3527
2 3528
2 3529
2 3530
2 3531
2 3532
2 3533
2 3534
2 3535
2 3536
2 3537
2 3538
2 3539
2 3540
2 3541
2 3542
2 3543
2 3544
2 3545
2 3546
2 3547
2 3548
2 3549
2 3550
2 3551
2 3552
2 3553
2 3554
2 3555
2 3556
2 3557
2 3558
2 3559
2 3560
2 3561
2 3562
2 3563
2 3564
2 3565
2 3566
2 3567
2 3568
2 3569
2 3570
2 3571
2 3572
2 3573
2 3574
2 3575
2 3576
2 3577
2 3578
2 3579
2 3580
2 3581
2 3582
2 3583
2 3584
2 3585
2 3586
2 3587
2 3588
2 3589
2 3590
2 3592
2 3593
2 3594
2 3595
2 3596
2 3597
2 3598
2 3599
2 3600
2 3601
2 3602
2 3603
2 3604
2 3605
2 3607
2 3608
2 3609
2 3610
2 3611
2 3612
2 3613
2 3614
2 3615
2 3616
2 3617
2 3618
2 3619
2 3620
2 3621
2 3622
2 3623
2 3624
2 3625
2 3626
2 3627
2 3628
2 3629
2 3630
2 3631
2 3632
2 3633
2 3634
2 3635
2 3636
2 3637
2 3638
2 3639
2 3640
2 3641
2 3642
2 3643
2 3644
2 3645
2 3646
2 3647
2 3648
2 3649
2 3650
2 3651
2 3652
2 3653
2 3654
2 3655
2 3656
2 3657
2 3658
2 3659
2 3660
2 3661
2 3662
2 3663
2 3664
2 3665
2 3666
2 3667
2 3668
2 3669
2 3670
2 3671
2 3672
2 3673
2 3674
2 3676
2 3677
2 3678
2 3679
2 3680
2 3681
2 3682
2 3683
2 3684
2 3685
2 3686
2 3687
2 3688
2 3689
2 3690
2 3691
2 3692
2 3693
2 3694
2 3695
2 3696
2 3697
2 3698
2 3699
2 3700
2 3701
2 3702
2 3703
2 3704
2 3705
2 3706
2 3707
2 3708
2 3709
2 3710
2 3711
2 3712
2 3713
2 3714
2 3715
2 3716
2 3717
2 3718
2 3719
2 3720
2 3721
2 3722
2 3723
2 3724
2 3725
2 3726
2 3727
2 3728
2 3729
2 3730
2 3731
2 3732
2 3733
2 3734
2 3735
2 3736
2 3737
2 3738
2 3739
2 3740
2 3741
2 3742
2 3743
2 3744
2 3745
2 3746
2 3747
2 3748
2 3749
2 3750
2 3751
2 3752
2 3753
2 3754
2 3755
2 3756
2 3757
2 3758
2 3759
2 3760
2 3761
2 3762
2 3763
2 3764
2 3765
2 3766
2 3767
2 3768
2 3769
2 3770
2 3771
2 3772
2 3773
2 3774
2 3775
2 3776
2 3777
2 3778
2 3779
2 3780
2 3781
2 3782
2 3783
2 3784
2 3785
2 3786
2 3787
2 3788
2 3789
2 3790
2 3791
2 3792
2 3793
2 3794
2 3795
2 3796
2 3797
2 3798
2 3799
2 3800
2 3801
2 3802
2 3803
2 3804
2 3805
2 3806
2 3807
2 3808
2 3809
2 3810
2 3811
2 3812
2 3814
2 3815
2 3816
2 3817
2 3818
2 3819
2 3820
2 3821
2 3822
2 3823
2 3824
2 3825
2 3826
2 3827
2 3828
2 3829
2 3830
2 3831
2 3832
2 3833
2 3834
2 3835
2 3836
2 3837
2 3838
2 3839
2 3840
2 3841
2 3842
2 3843
2 3844
2 3845
2 3846
2 3847
2 3848
2 3849
2 3850
2 3851
2 3852
2 3853
2 3854
2 3855
2 3856
2 3857
2 3858
2 3859
2 3860
2 3861
2 3862
2 3863
2 3864
2 3865
2 3866
2 3867
2 3868
2 3869
2 3870
2 3871
2 3872
2 3873
2 3874
2 3875
2 3876
2 3877
2 3878
2 3879
2 3880
2 3881
2 3882
2 3883
2 3884
2 3885
2 3886
2 3887
2 3888
2 3889
2 3890
2 3891
2 3892
2 3893
2 3894
2 3895
2 3896
2 3897
2 3898
2 3899
2 3900
2 3901
2 3902
2 3903
2 3904
2 3905
2 3906
2 3907
2 3908
2 3909
2 3910
2 3911
2 3912
2 3913
2 3914
2 3915
2 3916
2 3917
2 3918
2 3919
2 3920
2 3921
2 3922
2 3923
2 3924
2 3925
2 3926
2 3927
2 3928
2 3929
2 3930
2 3931
2 3932
2 3933
2 3934
2 3935
2 3936
2 3937
2 3938
2 3939
2 3940
2 3941
2 3942
2 3943
2 3944
2 3945
2 3946
2 3947
2 3948
2 3949
2 3950
2 3951
2 3952
2 3953
2 3954
2 3955
2 3956
2 3957
2 3958
2 3959
2 3960
2 3961
2 3962
2 3963
2 3964
2 3965
2 3966
2 3967
2 3968
2 3969
2 3970
2 3971
2 3972
2 3973
2 3974
2 3975
2 3976
2 3977
2 3978
2 3979
2 3980
2 3981
2 3982
2 3983
2 3984
2 3985
2 3986
2 3987
2 3988
2 3989
2 3990
2 3991
2 3992
2 3993
2 3994
2 3995
2 3996
2 3997
2 3998
2 3999
2 4000
2 4001
2 4002
2 4003
2 4004
2 4005
2 4006
2 4007
2 4008
2 4009
2 4010
2 4011
2 4012
2 4013
2 4014
2 4015
2 4016
2 4017
2 4018
2 4019
2 4020
2 4021
2 4022
2 4023
2 4024
2 4025
2 4026
2 4027
2 4028
2 4029
2 4030
2 4031
2 4032
2 4033
2 4034
2 4035
2 4036
2 4037
2 4038
2 4039
2 4040
2 4041
2 4042
2 4043
2 4044
2 4045
2 4046
2 4047
2 4048
2 4049
2 4050
2 4051
2 4052
2 4053
2 4054
2 4055
2 4056
2 4057
2 4058
2 4059
2 4061
2 4062
2 4063
2 4064
2 4065
2 4066
2 4068
2 4069
2 4070
2 4071
2 4072
2 4073
2 4074
2 4075
2 4076
2 4077
2 4078
2 4079
2 4080
2 4081
2 4082
2 4083
2 4084
2 4085
2 4086
2 4087
2 4088
2 4089
2 4090
2 4091
2 4092
2 4093
2 4094
2 4095
2 4096
2 4097
2 4098
2 4099
2 4100
2 4101
2 4102
2 4103
2 4104
2 4105
2 4106
2 4107
2 4108
2 4109
2 4110
2 4111
2 4112
2 4113
2 4114
2 4115
2 4116
2 4117
2 4118
2 4119
2 4120
2 4121
2 4122
2 4123
2 4124
2 4125
2 4126
2 4127
2 4128
2 4129
2 4130
2 4131
2 4132
2 4134
2 4135
2 4136
2 4137
2 4138
2 4139
2 4140
2 4141
2 4142
2 4143
2 4144
2 4145
2 4146
2 4147
2 4148
2 4149
2 4150
2 4151
2 4152
2 4153
2 4154
2 4155
2 4156
2 4157
2 4158
2 4159
2 4160
2 4161
2 4162
2 4163
2 4164
2 4165
2 4166
2 4167
2 4168
2 4169
2 4170
2 4171
2 4172
2 4173
2 4174
2 4175
2 4176
2 4177
2 4178
2 4179
2 4180
2 4181
2 4182
2 4183
2 4184
2 4185
2 4186
2 4187
2 4188
2 4189
2 4190
2 4191
2 4192
2 4193
2 4194
2 4195
2 4196
2 4197
2 4198
2 4199
2 4200
2 4201
2 4202
2 4203
2 4204
2 4205
2 4206
2 4207
2 4208
2 4209
2 4210
2 4211
2 4212
2 4213
2 4214
2 4215
2 4216
2 4217
2 4218
2 4219
2 4220
2 4221
2 4222
2 4223
2 4224
2 4225
2 4226
2 4227
2 4228
2 4229
2 4230
2 4231
2 4232
2 4233
2 4234
2 4235
2 4236
2 4237
2 4238
2 4239
2 4240
2 4241
2 4242
2 4243
2 4244
2 4245
2 4246
2 4247
2 4248
2 4249
2 4250
2 4251
2 4252
2 4253
2 4254
2 4255
2 4256
2 4257
2 4258
2 4259
2 4260
2 4261
2 4262
2 4263
2 4264
2 4265
2 4266
2 4267
2 4268
2 4269
2 4270
2 4271
2 4272
2 4273
2 4274
2 4275
2 4276
2 4277
2 4278
2 4279
2 4280
2 4281
2 4282
2 4283
2 4284
2 4286
2 4287
2 4288
2 4290
2 4291
2 4292
2 4293
2 4294
2 4295
2 4296
2 4297
2 4298
2 4299
2 4300
2 4301
2 4302
2 4303
2 4304
2 4305
2 4306
2 4307
2 4308
2 4309
2 4310
2 4311
2 4312
2 4313
2 4314
2 4315
2 4316
2 4317
2 4318
2 4319
2 4320
2 4321
2 4322
2 4323
2 4324
2 4325
2 4326
2 4327
2 4328
2 4329
2 4330
2 4331
2 4332
2 4333
2 4334
2 4335
2 4336
2 4337
2 4338
2 4339
2 4340
2 4341
2 4342
2 4343
2 4344
2 4345
2 4346
2 4347
2 4348
2 4349
2 4350
2 4351
2 4352
2 4353
2 4354
2 4355
2 4356
2 4357
2 4358
2 4359
2 4360
2 4361
2 4362
2 4363
2 4364
2 4365
2 4366
2 4367
2 4368
2 4369
2 4370
2 4371
2 4372
2 4373
2 4374
2 4375
2 4376
2 4377
2 4378
2 4379
2 4381
2 4382
2 4383
2 4384
2 4385
2 4386
2 4387
2 4388
2 4389
2 4390
2 4391
2 4392
2 4393
2 4394
2 4395
2 4396
2 4397
2 4398
2 4399
2 4400
2 4401
2 4402
2 4403
2 4404
2 4405
2 4407
2 4408
2 4409
2 4410
2 4411
2 4412
2 4413
2 4414
2 4415
2 4416
2 4417
2 4418
2 4419
2 4420
2 4421
2 4422
2 4423
2 4424
2 4425
2 4426
2 4427
2 4428
2 4429
2 4430
2 4431
2 4432
2 4433
2 4434
2 4435
2 4436
2 4437
2 4438
2 4439
2 4440
2 4441
2 4442
2 4443
2 4444
2 4445
2 4446
2 4447
2 4448
2 4449
2 4450
2 4451
2 4452
2 4453
2 4454
2 4455
2 4456
2 4457
2 4458
2 4459
2 4460
2 4461
2 4462
2 4463
2 4464
2 4465
2 4466
2 4467
2 4468
2 4469
2 4470
2 4471
2 4472
2 4473
2 4474
2 4475
2 4477
2 4478
2 4479
2 4480
2 4481
2 4482
2 4483
2 4484
2 4485
2 4486
2 4487
2 4488
2 4489
2 4490
2 4491
2 4492
2 4493
2 4494
2 4495
2 4496
2 4497
2 4498
2 4499
2 4500
2 4501
2 4502
2 4503
2 4504
2 4505
2 4506
2 4507
2 4508
2 4509
2 4510
2 4511
2 4512
2 4513
2 4514
2 4515
2 4516
2 4517
2 4518
2 4519
2 4520
2 4521
2 4522
2 4523
2 4524
2 4525
2 4526
2 4528
2 4529
2 4530
2 4531
2 4532
2 4533
2 4534
2 4535
2 4536
2 4537
2 4538
2 4539
2 4540
2 4541
2 4542
2 4543
2 4544
2 4545
2 4546
2 4547
2 4548
2 4549
2 4550
2 4551
2 4552
2 4553
2 4554
2 4556
2 4557
2 4558
2 4559
2 4560
2 4561
2 4562
2 4563
2 4564
2 4565
2 4566
2 4567
2 4568
2 4569
2 4570
2 4571
2 4572
2 4573
2 4574
2 4575
2 4576
2 4577
2 4578
2 4579
2 4580
2 4581
2 4582
2 4583
2 4586
2 4587
2 4588
2 4589
2 4590
2 4591
2 4592
2 4593
2 4594
2 4595
2 4596
2 4597
2 4598
2 4599
2 4600
2 4601
2 4602
2 4603
2 4604
2 4605
2 4606
2 4607
2 4608
2 4609
2 4610
2 4611
2 4612
2 4613
2 4614
2 4615
2 4616
2 4617
2 4618
2 4619
2 4620
2 4621
2 4622
2 4623
2 4624
2 4625
2 4626
2 4627
2 4628
2 4629
2 4630
2 4631
2 4632
2 4633
2 4634
2 4635
2 4636
2 4637
2 4638
2 4639
2 4640
2 4641
2 4642
2 4643
2 4644
2 4645
2 4646
2 4647
2 4648
2 4649
2 4650
2 4651
2 4652
2 4653
2 4654
2 4655
2 4656
2 4657
2 4658
2 4659
2 4660
2 4661
2 4662
2 4663
2 4664
2 4665
2 4666
2 4667
2 4668
2 4669
2 4670
2 4671
2 4672
2 4673
2 4674
2 4675
2 4676
2 4680
2 4682
2 4688
2 4697
2 4709
2 4729
2 4735
2 4738
2 4742
2 4756
2 4765
2 4771
2 4815
2 4821
2 4828
2 4848
2 4850
2 4856
2 4864
2 4870
2 4871
2 4873
2 4879
2 4922
2 4928
2 4935
2 4966
2 4983
2 4985
2 4988
2 5037
2 5039
2 5056
2 5085
2 5150
2 5151
2 5160
2 5171
2 5172
2 5175
2 5196
2 5229
2 5239
2 5279
2 5288
2 5313
2 5317
2 5320
2 5354
2 5385
2 5393
2 5399
2 5400
2 5402
2 5418
2 5429
2 5452
2 5459
2 5462
2 5464
2 5480
2 5482
2 5483
2 5488
2 5498
2 5527
2 5589
2 5591
2 5594
2 5597
2 5604
2 5609
2 5610
2 5663
2 5690
2 5701
2 5705
2 5706
2 5707
2 5708
2 5709
2 5710
2 5711
2 5713
2 5714
2 5715
2 5716
2 5717
2 5718
2 5719
2 5721
2 5722
2 5723
2 5724
2 5725
2 5726
2 5728
2 5729
2 5730
2 5731
2 5732
2 5740
2 5751
2 5759
2 5766
2 5768
2 5774
2 5783
2 5784
2 5792
2 5798
2 5822
2 5840
2 5852
2 6142
2 6245
2 6327
2 6507
2 6796
2 6797
2 6800
2 6801
2 6806
2 6808
2 6813
2 6817
2 6819
2 6820
2 6821
2 6827
2 6832
2 6840
2 6841
2 6868
2 6894
2 6905
2 6917
2 6935
2 6971
2 6988
2 7005
2 7006
2 7008
2 7009
2 7030
2 7182
2 7233
2 7674
2 7677
2 7681
2 7683
2 7691
2 7693
2 7695
2 7698
2 7707
2 7711
2 7727
2 7737
2 7739
2 7753
2 1469
2 7772
2 7774
2 7778
2 7787
2 7797
2 7806
2 7812
2 7813
2 7819
2 7824
2 7831
2 7845
2 7855
2 7881
2 7895
2 7899
2 7902
2 7903
2 7908
2 7909
2 7911
2 7921
2 7922
2 7923
2 7924
2 7928
2 7932
2 7934
2 7953
2 7960
2 7961
2 7962
2 7964
2 7972
2 7984
2 7985
2 7988
2 7992
2 8003
2 8004
2 8023
2 8024
2 8045
2 8047
2 8060
2 8070
2 8075
2 8077
2 8078
2 8082
2 8083
2 8084
2 8085
2 8086
2 8087
2 8089
2 8091
2 8092
2 8094
2 8095
2 8100
2 8103
2 8110
2 8113
2 8115
2 8118
2 8119
2 8120
2 8130
2 8131
2 8132
2 8139
2 8146
2 8148
2 8159
2 8160
2 8164
2 8171
2 8173
2 8176
2 8185
2 8187
2 8188
2 8190
2 8198
2 8201
2 8203
2 8206
2 8208
2 8215
2 8218
2 8230
2 8235
2 8295
2 8319
2 8322
2 8327
2 8333
2 8341
2 8344
2 8345
2 8353
2 8358
2 8367
2 8369
2 8381
2 8383
2 8462
2 8904
2 8912
2 8938
2 8957
2 8982
2 8990
2 8992
2 8994
2 8999
2 9007
2 9014
2 9026
2 9027
2 9029
2 9052
2 9054
2 9059
2 9060
2 9062
2 9063
2 9064
2 2116
2 9065
2 1986
2 9066
2 9067
2 9069
2 9089
2 9094
2 9095
2 9097
2 9100
2 9101
2 9105
2 9110
2 9119
2 9125
2 9145
2 9148
2 9151
2 9152
2 9154
2 9158
2 9159
2 9161
2 9162
2 9165
2 9166
2 9167
2 9171
2 9175
2 9179
2 9183
2 9266
10 11
10 17
10 107
10 130
10 179
10 243
10 272
10 275
10 350
10 351
10 362
10 368
10 382
10 520
10 560
10 850
10 903
10 1007
10 1045
10 1124
10 1185
10 1226
10 1433
10 1451
10 1500
10 1503
10 1517
10 1522
10 1537
10 1767
10 1775
10 1780
10 1781
10 1883
10 1888
10 1975
10 1981
10 2012
10 2019
10 2259
10 2293
10 2322
10 2330
10 2383
10 2385
10 4867
10 4910
10 5013
10 5193
10 5254
10 5272
10 5347
10 5368
10 5370
10 5371
10 5404
10 5428
10 5472
10 5490
10 5528
10 5569
10 5584
10 5601
10 5630
10 5654
10 5696
10 5779
10 5831
10 5874
10 6353
10 6955
10 7731
10 7734
10 7837
10 7968
10 7987
10 7989
10 8016
10 8111
10 8117
10 8193
10 8194
10 8196
10 9047
10 9074
10 9129
10 9163
10 9214
10 9215
10 9243
10 9252
10 9430
10 9432
10 9435
10 9436
10 9437
10 9439
10 9570
10 9871
10 9993
10 9995
10 9998
10 10001
10 10003
10 10004
10 10008
10 10010
10 10014
10 10019
10 10022
10 10024
10 10027
10 10029
10 10032
10 10034
10 10035
10 10037
10 10040
10 10045
10 10046
10 10047
10 10049
10 10051
10 10058
10 10059
10 10063
10 10070
10 10071
10 10073
10 10075
10 10078
10 10079
10 10087
10 10093
10 10094
10 10096
10 10099
10 10105
10 10107
10 10110
10 10111
10 10114
10 10116
10 10118
10 10119
10 10124
10 10125
10 10127
10 10130
10 10133
10 10136
10 10139
10 10141
10 10146
10 10153
10 10158
10 10159
10 10160
10 10163
10 10164
10 10165
10 10167
10 10170
10 10171
10 10225
10 10235
10 10238
10 10278
10 10280
10 10297
10 10308
10 10310
10 10312
10 10323
10 10324
10 10343
10 10348
10 10349
10 10357
10 10365
10 10374
10 10380
10 10381
10 10389
10 10406
10 10410
10 10414
10 10419
10 10429
10 10431
10 10435
10 10436
10 10443
10 10446
10 10447
10 10458
10 10459
10 10463
10 10467
10 10470
10 10479
10 10483
10 3832
10 10485
10 10507
10 10688
10 10817
10 11028
10 11055
10 11060
10 11061
10 11062
10 11063
10 11064
10 11065
10 11066
10 11067
10 11068
10 11069
10 11070
10 11071
10 11072
10 11073
10 11074
10 11075
10 4565
10 11076
10 11077
10 11078
10 11079
10 11080
10 11081
10 11082
10 11083
10 11084
10 11085
10 11086
10 11087
10 11088
10 11089
10 11090
10 11091
10 11093
10 11094
10 11095
10 11096
10 11097
10 11098
10 11099
10 11100
10 11101
10 11102
10 11103
10 11104
10 11105
10 11106
10 3928
10 11107
10 11108
10 3922
10 11109
10 11110
10 11111
10 11112
10 11113
10 11114
10 11115
10 11116
10 11117
10 11118
10 11119
10 11120
10 11121
10 11122
10 11123
10 11124
10 11125
10 11126
10 11127
10 4111
10 11128
10 11129
10 11130
10 11131
10 11132
10 11133
10 11134
10 11135
10 11136
10 11137
10 11139
10 11140
10 11141
10 11142
10 11143
10 11144
10 11145
10 11146
10 11147
10 11148
10 11149
10 11150
10 11151
10 11152
10 11153
10 11154
10 11155
10 11156
10 11157
10 11158
10 11159
10 11160
10 11161
10 11162
10 11163
10 11164
10 11165
10 11166
10 11167
10 11168
10 11169
10 11170
10 11171
10 4216
10 11172
10 11173
10 11174
10 11175
10 11176
10 11177
10 11178
10 11179
10 11180
10 11181
10 11182
10 11183
10 11184
10 11185
10 11186
10 11187
10 11188
10 11250
10 11269
10 11270
10 11271
10 11272
10 11273
10 11274
10 11275
10 11276
19 20
19 21
19 40
19 60
19 62
19 63
19 112
19 135
19 137
19 144
19 150
19 154
19 157
19 160
19 161
19 177
19 178
19 197
19 199
19 202
19 211
19 218
19 225
19 255
19 281
19 282
19 312
19 319
19 333
19 336
19 337
19 341
19 401
19 404
19 412
19 415
19 425
19 428
19 429
19 434
19 442
19 449
19 452
19 454
19 460
19 464
19 466
19 476
19 505
19 509
19 517
19 521
19 527
19 533
19 539
19 550
19 578
19 587
19 594
19 602
19 616
19 617
19 629
19 640
19 650
19 654
19 656
19 661
19 669
19 672
19 678
19 684
19 687
19 688
19 689
19 699
19 706
19 709
19 710
19 718
19 728
19 732
19 734
19 735
19 738
19 740
19 744
19 748
19 749
19 750
19 752
19 756
19 758
19 759
19 760
19 766
19 772
19 774
19 780
19 785
19 804
19 806
19 809
19 813
19 818
19 824
19 829
19 834
19 837
19 838
19 839
19 841
19 870
19 876
19 880
19 886
19 889
19 891
19 892
19 894
19 904
19 912
19 918
19 923
19 935
19 945
19 951
19 953
19 954
19 969
19 970
19 973
19 974
19 979
19 991
19 1000
19 1005
19 1015
19 1025
19 1026
19 1034
19 1036
19 1040
19 1044
19 1050
19 1051
19 1055
19 1059
19 1082
19 1087
19 1088
19 1109
19 1111
19 1126
19 1129
19 1136
19 1138
19 1139
19 1147
19 1148
19 1151
19 1160
19 1163
19 1167
19 1173
19 1188
19 1194
19 1197
19 1198
19 1204
19 1208
19 1213
19 1214
19 1220
19 1222
19 1223
19 1232
19 1233
19 1237
19 1250
19 1272
19 1274
19 1275
19 1301
19 1306
19 1310
19 1322
19 1344
19 1345
19 1346
19 1350
19 1357
19 1364
19 1372
19 1374
19 1376
19 1388
19 1400
19 1403
19 1405
19 1414
19 1418
19 1424
19 1438
19 1469
19 1474
19 1475
19 1477
19 1481
19 1482
19 1484
19 1512
19 1519
19 1540
19 1547
19 1560
19 1571
19 1587
19 1603
19 1615
19 1616
19 1622
19 1631
19 1632
19 1647
19 1648
19 1652
19 1654
19 1661
19 1668
19 1674
19 1692
19 1703
19 1707
19 1710
19 1726
19 1737
19 1738
19 1769
19 1784
19 1787
19 1789
19 1811
19 1813
19 1814
19 1824
19 1851
19 1852
19 1855
19 1858
19 1896
19 1899
19 1906
19 1925
19 1926
19 1939
19 1943
19 1944
19 1956
19 1964
19 1986
19 1988
19 1992
19 1996
19 2002
19 2020
19 2021
19 2027
19 2032
19 2037
19 2038
19 2039
19 2059
19 2061
19 2069
19 2080
19 2081
19 2083
19 2097
19 2098
19 2112
19 2113
19 2114
19 2117
19 2126
19 2127
19 2132
19 2142
19 2144
19 2147
19 2158
19 2186
19 2192
19 2199
19 2226
19 2249
19 2262
19 2273
19 2275
19 2276
19 2315
19 2332
19 2404
19 2428
19 2935
19 4690
19 4695
19 4725
19 4728
19 4734
19 4736
19 4743
19 4744
19 4749
19 4751
19 4754
19 4787
19 4788
19 4796
19 4798
19 4801
19 4803
19 4808
19 4816
19 4817
19 4827
19 4831
19 4832
19 4833
19 4838
19 4840
19 4845
19 4852
19 4853
19 4862
19 4885
19 4893
19 4897
19 4901
19 4904
19 4905
19 4909
19 4918
19 4919
19 4925
19 4929
19 4930
19 4940
19 4942
19 4945
19 4961
19 4995
19 5006
19 5010
19 5014
19 5015
19 5030
19 5032
19 5036
19 5038
19 5047
19 5051
19 5053
19 5074
19 5075
19 5081
19 5087
19 5088
19 5090
19 5097
19 5105
19 5112
19 5118
19 5119
19 5127
19 5131
19 5143
19 5146
19 5149
19 5154
19 5157
19 5184
19 5195
19 5202
19 5203
19 5204
19 5207
19 5209
19 5210
19 5212
19 5221
19 5223
19 5226
19 5247
19 5253
19 5256
19 5258
19 5261
19 5264
19 5274
19 5275
19 5276
19 5277
19 5278
19 5282
19 5290
19 5293
19 5298
19 5309
19 5311
19 5318
19 5324
19 5326
19 5331
19 5334
19 5335
19 5341
19 5348
19 5351
19 5353
19 5358
19 5367
19 5382
19 5390
19 5395
19 5396
19 5397
19 5401
19 5405
19 5411
19 5412
19 5413
19 5419
19 5420
19 5422
19 5423
19 5426
19 5430
19 5439
19 5446
19 5449
19 5461
19 5465
19 5470
19 5479
19 5489
19 5499
19 5503
19 5504
19 5508
19 5512
19 5521
19 5524
19 5530
19 5534
19 5536
19 5538
19 5544
19 5545
19 5552
19 5561
19 5565
19 5566
19 5571
19 5574
19 5576
19 5578
19 5581
19 5583
19 5587
19 5588
19 5596
19 5599
19 5602
19 5613
19 5620
19 5627
19 5628
19 5634
19 5637
19 5643
19 5650
19 5652
19 5659
19 5673
19 5674
19 5678
19 5686
19 5691
19 5692
19 5698
19 5699
19 5704
19 5727
19 5739
19 5742
19 5745
19 5756
19 5758
19 5760
19 5761
19 5762
19 5763
19 5764
19 5776
19 5782
19 5785
19 5786
19 5787
19 5791
19 5796
19 5801
19 5802
19 5803
19 5806
19 5808
19 5809
19 5810
19 5816
19 5817
19 5824
19 5829
19 5832
19 5846
19 5848
19 5849
19 5853
19 5854
19 5859
19 5861
19 5892
19 5896
19 6150
19 6213
19 6214
19 6216
19 6220
19 6223
19 6225
19 6243
19 6250
19 6262
19 6265
19 6266
19 6272
19 6309
19 6351
19 6352
19 6444
19 6494
19 6558
19 6571
19 6647
19 6656
19 6659
19 6681
19 6687
19 6690
19 6812
19 6945
19 7680
19 7684
19 7692
19 7736
19 7771
19 7775
19 7782
19 7799
19 8034
19 9444
19 9452
19 9459
19 9466
19 9536
19 9548
19 9589
19 9880
19 9881
19 9884
19 9888
19 9889
19 9890
19 9894
19 9957
19 9961
19 9987
19 9994
19 10009
19 10036
19 10039
19 10052
19 10092
19 10865
19 10914
19 10934
19 11213
19 11282
19 11283
22 23
22 100
22 145
22 214
22 234
22 277
22 299
22 302
22 328
22 359
22 367
22 372
22 389
22 390
22 397
22 402
22 439
22 488
22 563
22 589
22 595
22 619
22 694
22 696
22 715
22 721
22 730
22 747
22 812
22 833
22 853
22 857
22 914
22 966
22 1047
22 1052
22 1158
22 1175
22 1191
22 1281
22 1284
22 1291
22 1362
22 1454
22 1478
22 1525
22 1528
22 1531
22 1550
22 1596
22 1602
22 1760
22 1772
22 1810
22 1820
22 1833
22 1910
22 1919
22 1921
22 1934
22 1950
22 1953
22 1993
22 2040
22 2060
22 2133
22 2150
22 2237
22 3591
22 4285
22 4759
22 4761
22 4793
22 4830
22 4846
22 4847
22 4849
22 4855
22 4857
22 4858
22 4859
22 4860
22 4863
22 4890
22 4894
22 4899
22 4908
22 4946
22 4948
22 5102
22 5106
22 5111
22 5113
22 5124
22 5165
22 5237
22 5319
22 5344
22 5448
22 5457
22 5492
22 5517
22 5523
22 5551
22 5559
22 5572
22 5605
22 5614
22 5702
22 5703
22 5712
22 5735
22 5818
22 5838
22 5842
22 5845
22 5850
22 5856
22 5865
22 5868
22 5870
22 5872
22 5875
22 6158
22 6260
22 6361
22 6362
22 6363
22 6364
22 6365
22 6366
22 6367
22 6368
22 6369
22 6370
22 6372
22 6373
22 6374
22 6375
22 6376
22 6377
22 6378
22 6379
22 6380
22 6382
22 6383
22 6384
22 6385
22 6386
22 6387
22 6388
22 6389
22 6390
22 6391
22 6392
22 6393
22 6394
22 6395
22 6396
22 6397
22 6398
22 6399
22 6400
22 6402
22 6404
22 6406
22 6407
22 6409
22 6410
22 6411
22 6412
22 6414
22 6416
22 6417
22 6418
22 6419
22 6420
22 6421
22 6422
22 6423
22 6424
22 6425
22 6426
22 6427
22 6428
22 6429
22 6430
22 6431
22 6432
22 6433
22 6434
22 6435
22 6436
22 6438
22 6439
22 6440
22 6441
22 6443
22 6445
22 6446
22 6447
22 6448
22 6449
22 6452
22 6453
22 6454
22 6455
22 6457
22 6464
22 6468
22 6470
22 6471
22 6477
22 6482
22 6486
22 6488
22 6490
22 6495
22 6500
22 6504
22 6508
22 6516
22 6517
22 6518
22 6520
22 6521
22 6523
22 6525
22 6529
22 6533
22 6535
22 6540
22 6542
22 6543
22 6546
22 6547
22 6548
22 6554
22 6555
22 6556
22 6562
22 6564
22 6570
22 6573
22 6575
22 6579
22 6580
22 6582
22 6583
22 6584
22 6585
22 6586
22 6589
22 6590
22 6591
22 6592
22 6594
22 6602
22 6603
22 6606
22 6608
22 6609
22 6612
22 6614
22 6615
22 6616
22 6618
22 6619
22 6620
22 6622
22 6624
22 6625
22 6627
22 6629
22 6631
22 6634
22 6635
22 6638
22 6639
22 6642
22 6643
22 6645
22 6648
22 6651
22 6652
22 6655
22 6661
22 6664
22 6665
22 6667
22 6670
22 6672
22 6673
22 6674
22 6680
22 6682
22 6692
22 6693
22 6694
22 6697
22 6701
22 6702
22 6703
22 6705
22 6707
22 6709
22 6710
22 6714
22 6716
22 6719
22 6723
22 6726
22 6728
22 6729
22 6734
22 6738
22 6741
22 6743
22 6747
22 6749
22 6750
22 6752
22 6753
22 6755
22 6756
22 6759
22 6761
22 6763
22 6766
22 6768
22 6773
22 6774
22 6777
22 6784
22 6785
22 6786
22 6790
22 6794
22 6798
22 6809
22 6811
22 6815
22 6822
22 6825
22 6828
22 6829
22 6830
22 6834
22 6845
22 6848
22 6849
22 6850
22 6851
22 6852
22 6856
22 6857
22 6858
22 6866
22 6870
22 6872
22 6873
22 6874
22 6877
22 6878
22 6879
22 6880
22 6882
22 6884
22 6885
22 6887
22 6891
22 6892
22 6893
22 6896
22 6897
22 6898
22 6899
22 6902
22 6903
22 6906
22 6910
22 6911
22 6915
22 6918
22 6920
22 6921
22 6922
22 6927
22 6929
22 6931
22 6932
22 6934
22 6936
22 6937
22 6941
22 6942
22 6951
22 6954
22 6956
22 6957
22 6959
22 6960
22 6961
22 6964
22 6973
22 6974
22 6975
22 6978
22 6980
22 6981
22 6983
22 6989
22 6991
22 6994
22 6996
22 6997
22 6998
22 7001
22 7003
22 7011
22 7544
22 7706
22 7722
22 7723
22 7758
22 7764
22 7765
22 7780
22 7786
22 7798
22 7800
22 7815
22 7820
22 7822
22 7828
22 7830
22 7832
22 7835
22 7836
22 7838
22 7840
22 7841
22 7843
22 7846
22 7847
22 7848
22 7849
22 7850
22 7853
22 7854
22 7856
22 7857
22 7858
22 7860
22 7862
22 6818
22 7875
22 7876
22 7877
22 7880
22 7887
22 7890
22 7907
22 7915
22 7925
22 7927
22 7954
22 7967
22 7971
22 8005
22 8028
22 8033
22 8035
22 8037
22 8051
22 8052
22 8061
22 8063
22 8065
22 8067
22 8071
22 8088
22 8096
22 8098
22 8099
22 8101
22 8105
22 8109
22 8112
22 8114
22 8116
22 8121
22 8133
22 8145
22 8172
22 8174
22 8177
22 8182
22 8191
22 8195
22 8197
22 8199
22 8204
22 8207
22 8209
22 8216
22 8854
22 8924
22 8954
22 8966
22 8976
22 8984
22 8989
22 8993
22 8997
22 9006
22 9011
22 9013
22 9016
22 9017
22 9025
22 9028
22 9036
22 9037
22 9043
22 9058
22 9093
22 9098
22 9099
22 9106
22 9118
22 9120
22 9122
22 9123
22 9124
22 9126
22 9127
22 9128
22 9131
22 9132
22 9135
22 9137
22 9140
22 9141
22 9144
22 9146
22 9149
22 9181
22 9182
22 9187
22 9189
22 9190
22 9191
22 9193
22 9194
22 9196
22 9197
22 9198
22 9200
22 9202
22 9203
22 9205
22 9212
22 9213
22 9219
22 9221
22 9225
22 9240
22 9242
22 9245
22 9249
22 9251
22 9256
22 9257
22 9258
22 9259
22 9261
22 9262
22 9263
22 9264
22 9265
22 9268
22 9277
22 9309
22 10056
22 10625
22 10652
22 10653
22 10741
22 10758
22 10773
22 10790
22 10791
22 10859
22 10864
22 10868
22 10896
22 10924
22 10936
22 10938
22 10975
22 10982
22 10988
22 10993
22 10997
22 11001
22 11006
22 11011
22 11013
22 11015
22 11017
22 11018
22 11021
22 11035
22 11038
22 11042
22 11049
22 11053
22 11057
22 11059
22 11192
22 11193
22 11198
22 11214
22 11217
22 11223
22 11226
22 11239
22 11245
22 11248
22 11254
22 11256
22 11280
22 11286
22 11292
22 11295
22 11297
22 11339
22 11347
36 37
36 156
36 249
36 575
36 2162
36 2163
36 2164
36 2165
36 2166
36 2168
36 2170
36 2171
36 2172
36 2173
36 2174
36 2175
36 2176
36 2177
36 2178
36 2179
36 2180
36 2181
36 2182
36 2183
36 2184
36 2185
36 2187
36 2189
36 2190
36 2191
36 2193
36 2194
36 2195
36 2196
36 2197
36 2198
36 2200
36 2201
36 2203
36 2204
36 2206
36 2209
36 2210
36 2214
36 2215
36 2218
36 2222
36 2223
36 2224
36 2227
36 2228
36 2229
36 2230
36 2232
36 2235
36 2236
36 2238
36 2239
36 2241
36 2242
36 2247
36 2248
36 2252
36 2254
36 2257
36 2260
36 2265
36 2269
36 2270
36 2271
36 2277
36 2279
36 2283
36 2286
36 2288
36 2295
36 2300
36 2302
36 2303
36 2304
36 2305
36 2308
36 2312
36 2313
36 2314
36 2320
36 2321
36 2325
36 2327
36 2328
36 2329
36 2331
36 2335
36 2338
36 2349
36 2351
36 2354
36 2357
36 2363
36 2364
36 2366
36 2371
36 2372
36 2374
36 2377
36 2379
36 2388
36 2391
36 2393
36 2397
36 2400
36 2403
36 2413
36 2415
36 2416
36 2430
36 2447
36 2448
36 3525
36 3813
36 4406
36 4687
36 4693
36 4694
36 4712
36 4718
36 4719
36 4724
36 4727
36 4730
36 4806
36 4824
36 4837
36 4881
36 4903
36 4916
36 5107
36 5109
36 5110
36 5194
36 5214
36 5249
36 5257
36 5338
36 5366
36 5383
36 5481
36 5493
36 5506
36 5513
36 5519
36 5560
36 5656
36 6340
36 6357
36 6459
36 6460
36 6461
36 6462
36 6465
36 6466
36 6467
36 6469
36 6472
36 6473
36 6474
36 6475
36 6476
36 6478
36 6479
36 6481
36 6483
36 6484
36 6485
36 6489
36 6491
36 6492
36 6493
36 6496
36 6497
36 6498
36 6501
36 6502
36 6503
36 6505
36 6506
36 6509
36 6510
36 6513
36 6515
36 6519
36 6522
36 6524
36 6527
36 6528
36 6530
36 6531
36 6532
36 6534
36 6536
36 6537
36 6538
36 6539
36 6541
36 6544
36 6545
36 6549
36 6550
36 6551
36 6557
36 6559
36 6560
36 6561
36 6563
36 6565
36 6566
36 6567
36 6568
36 6569
36 6572
36 6576
36 6578
36 6581
36 6587
36 6588
36 6593
36 6595
36 6596
36 6597
36 6598
36 6599
36 6601
36 6604
36 6605
36 6607
36 6610
36 6611
36 6613
36 6621
36 6623
36 6626
36 6628
36 6630
36 6633
36 6637
36 6641
36 6646
36 6649
36 6653
36 6654
36 6658
36 6662
36 6663
36 6666
36 6668
36 6669
36 6676
36 6683
36 6684
36 6686
36 6688
36 6695
36 6698
36 6699
36 6700
36 6704
36 6706
36 6708
36 6713
36 6718
36 6721
36 6722
36 6725
36 6727
36 6732
36 6736
36 6751
36 6757
36 6764
36 6765
36 6769
36 6771
36 6772
36 6775
36 6792
36 6802
36 6804
36 6805
36 6814
36 6826
36 6835
36 6836
36 6837
36 6838
36 6844
36 6853
36 6859
36 6860
36 6861
36 6865
36 6867
36 6875
36 6876
36 6881
36 6888
36 6904
36 6907
36 6914
36 6923
36 6924
36 6925
36 6928
36 6938
36 6944
36 6946
36 6965
36 6972
36 6976
36 6987
36 6993
36 7010
36 7050
36 7080
36 7694
36 7709
36 7713
36 7719
36 7720
36 7728
36 7730
36 7732
36 7735
36 7738
36 7749
36 7757
36 7766
36 7770
36 7776
36 7807
36 7817
36 7826
36 7859
36 7861
36 7883
36 7905
36 7948
36 7955
36 7956
36 7976
36 7986
36 7990
36 8030
36 8062
36 8090
36 8093
36 8137
36 8169
36 8212
36 8214
36 8981
36 9001
36 9051
36 9092
36 9103
36 9136
36 9138
36 9211
36 9253
36 10886
36 10974
38 39
38 61
38 70
38 433
38 548
38 881
38 1582
38 1590
38 1600
38 1601
38 1606
38 1644
38 2145
38 2148
38 2306
38 6302
38 6313
38 6320
38 6346
38 6517
38 7721
38 9405
38 9407
38 9412
38 9421
38 9422
38 9428
38 9429
38 9438
38 9443
38 9446
38 8839
38 9623
38 9629
38 9723
38 9762
38 9767
38 9769
38 9772
38 9773
38 9774
38 9779
38 9780
38 9785
38 9789
38 9793
38 9796
38 4697
38 9808
38 9828
38 9841
38 9844
38 9847
38 9885
38 9896
38 9898
38 9901
38 9902
38 9915
38 9917
38 9919
38 9925
38 9944
38 9945
38 9966
38 9968
38 9970
38 9990
38 9999
38 10085
38 10090
38 10095
38 10108
38 10115
38 10122
38 10162
38 10265
38 10269
38 10397
38 10596
38 10624
38 10826
38 9053
38 10902
38 11227
38 11229
46 47
46 55
46 259
46 300
46 318
46 631
46 700
46 810
46 814
46 847
46 908
46 999
46 1114
46 1174
46 1255
46 1269
46 1339
46 1375
46 1378
46 1392
46 1653
46 1708
46 1711
46 1718
46 1729
46 1739
46 2220
46 2358
46 2411
46 3675
46 4133
46 4937
46 4943
46 4970
46 4993
46 4994
46 5260
46 5294
46 5301
46 5556
46 5805
51 52
51 120
51 173
51 340
51 422
51 673
51 675
51 723
51 763
51 792
51 819
51 845
51 913
51 1104
51 1105
51 1343
51 1391
51 1415
51 1430
51 1444
51 1523
51 1564
51 1570
51 1572
51 1573
51 1797
51 1862
51 1911
51 2018
51 2042
51 2043
51 2044
51 2045
51 2055
51 2066
51 2082
51 2088
51 2096
51 2103
51 2105
51 2106
51 2118
51 2124
51 2149
51 2153
51 2154
51 2211
51 2345
51 2384
51 2421
51 4726
51 4868
51 4915
51 4924
51 4981
51 5048
51 5072
51 5094
51 5099
51 5137
51 5243
51 5484
51 5555
51 5897
51 5898
51 5899
51 5900
51 5901
51 5903
51 5904
51 5905
51 5906
51 5907
51 5908
51 5909
51 5910
51 5911
51 5912
51 5913
51 5914
51 5915
51 5916
51 5917
51 5918
51 5919
51 5920
51 5921
51 5922
51 5923
51 5924
51 5925
51 5926
51 5927
51 5928
51 5929
51 5930
51 5931
51 5932
51 5933
51 5934
51 5935
51 5936
51 5937
51 5938
51 5939
51 5940
51 5941
51 5942
51 5943
51 5944
51 5945
51 5947
51 5948
51 5949
51 5950
51 5951
51 5952
51 5953
51 5954
51 5955
51 5956
51 5957
51 5958
51 5959
51 5960
51 5961
51 5962
51 5963
51 5964
51 5965
51 5966
51 5967
51 5968
51 5969
51 5970
51 5971
51 5973
51 5974
51 5975
51 5976
51 5977
51 5978
51 5979
51 5980
51 5981
51 1322
51 5982
51 5983
51 5984
51 5985
51 5986
51 5987
51 5988
51 5989
51 5990
51 5991
51 5992
51 5993
51 5994
51 5995
51 5996
51 5997
51 5998
51 5999
51 6000
51 6001
51 6002
51 6003
51 6004
51 6005
51 6006
51 6007
51 6009
51 6010
51 6011
51 6012
51 6013
51 6014
51 6015
51 6016
51 6017
51 6018
51 6019
51 6020
51 6021
51 6022
51 6023
51 6024
51 6025
51 6026
51 6027
51 6028
51 6031
51 6032
51 6033
51 6034
51 6035
51 6036
51 6037
51 6038
51 6039
51 6040
51 6041
51 6042
51 6043
51 6044
51 6045
51 6046
51 6047
51 6048
51 6049
51 6050
51 6051
51 6052
51 6053
51 6054
51 6055
51 6056
51 6057
51 6058
51 6059
51 6060
51 6061
51 6062
51 6063
51 6064
51 6066
51 6067
51 6068
51 6069
51 6070
51 6071
51 6072
51 6073
51 6074
51 6075
51 6076
51 6077
51 6078
51 6079
51 6080
51 6081
51 6082
51 6083
51 6084
51 6085
51 6086
51 6087
51 6088
51 6089
51 6090
51 6091
51 6092
51 6093
51 6094
51 6095
51 6096
51 6097
51 6098
51 6099
51 6100
51 6101
51 6102
51 6103
51 6104
51 6105
51 6106
51 6107
51 6108
51 6109
51 6110
51 6111
51 6112
51 6113
51 6114
51 6115
51 6116
51 6117
51 6118
51 6119
51 6120
51 6121
51 6122
51 6123
51 6124
51 6125
51 6126
51 6127
51 6128
51 6129
51 6130
51 6131
51 6132
51 6134
51 6135
51 6136
51 6137
51 6138
51 6139
51 6140
51 6141
51 6143
51 6144
51 6145
51 6146
51 6147
51 6148
51 6149
51 6151
51 6152
51 6153
51 6154
51 6155
51 6156
51 6157
51 6159
51 6160
51 6161
51 6162
51 6163
51 6164
51 6165
51 6166
51 6167
51 6168
51 6169
51 6170
51 6171
51 6172
51 6173
51 6174
51 6175
51 6176
51 6177
51 6178
51 6179
51 6180
51 6181
51 6182
51 6183
51 6184
51 6185
51 6186
51 6187
51 6188
51 6189
51 6190
51 6191
51 6192
51 6193
51 6194
51 6195
51 6196
51 6198
51 6199
51 6200
51 6201
51 6202
51 6203
51 6204
51 6205
51 6206
51 6207
51 6208
51 6209
51 6210
51 6231
51 6247
51 6251
51 6257
51 6259
51 6264
51 6326
51 6342
51 6350
51 6371
51 6403
51 6405
51 6413
51 6437
51 6442
51 6458
51 6632
51 6671
51 6691
51 6711
51 6712
51 6724
51 6730
51 6731
51 6733
51 6735
51 6737
51 6739
51 6740
51 6742
51 6744
51 6746
51 6758
51 6760
51 6767
51 6780
51 6782
51 6788
51 6789
51 6799
51 6803
51 6807
51 6810
51 6816
51 6818
51 6846
51 6847
51 6855
51 6862
51 6908
51 6909
51 6913
51 6916
51 6919
51 6926
51 6930
51 6933
51 6939
51 6940
51 6947
51 6949
51 6952
51 6953
51 6962
51 6970
51 6984
51 6985
51 7555
51 7568
51 7618
51 7676
51 7688
51 7696
51 7701
51 7703
51 7704
51 7716
51 7718
51 7729
51 7751
51 7755
51 7768
51 7796
51 7804
51 7816
51 7818
51 7939
51 7940
51 7942
51 7943
51 7944
51 7945
51 7951
51 7957
51 7958
51 7966
51 7973
51 7995
51 7996
51 7997
51 8001
51 8002
51 8007
51 8022
51 8025
51 8026
51 8029
51 8038
51 8041
51 9050
51 9296
51 9297
51 9298
51 9299
51 9300
51 9301
51 9302
51 9303
51 9304
51 9306
51 9310
51 9311
51 9361
51 9362
51 9367
51 9382
51 9386
51 9448
51 9449
51 9521
51 9539
51 9556
51 9564
51 9608
51 9924
51 9926
51 9927
51 9928
51 9929
51 9931
51 9932
51 9935
51 9937
51 8655
51 9938
51 9939
51 9940
51 9941
51 9942
51 9946
51 9948
51 9950
51 9951
51 9956
51 9958
51 9959
51 9960
51 9963
51 9965
51 9967
51 9975
51 9981
51 9986
51 10002
51 10021
51 10050
51 10082
51 10083
51 10084
51 10097
51 10106
51 10117
51 10120
51 10214
51 10281
51 10330
51 10511
51 10520
51 10709
51 10769
51 10837
51 10972
51 11197
51 11299
58 59
58 511
58 523
58 848
58 863
58 1206
58 1544
58 1595
58 1665
58 1873
58 2031
58 2401
58 5023
58 5403
58 5407
58 5408
58 5409
58 9867
58 11283
66 67
66 89
66 240
66 922
66 946
66 1107
66 1125
66 1984
66 2157
66 4750
66 4757
66 4784
66 4789
66 4934
66 5227
66 5359
66 5410
66 5496
66 5514
66 5611
66 5629
66 5638
66 6267
66 7750
66 8010
66 8106
66 9217
66 9246
66 10912
66 10971
66 10814
66 11208
66 11216
66 11321
66 11348
74 75
74 1249
74 1298
74 1299
74 1300
74 1545
74 1592
74 1609
74 1735
74 1938
74 1961
74 1972
74 1998
74 5242
74 5263
74 5688
74 8123
74 8124
74 8125
74 8126
74 8127
74 8128
74 8129
74 8134
74 8135
74 8136
74 8138
74 8140
74 8143
74 8144
74 8147
74 8149
74 8150
74 8151
74 8152
74 8153
74 8154
74 8155
74 8156
74 8157
74 8158
74 8161
74 8163
74 8165
74 8168
74 8170
74 8175
74 8184
74 8219
74 8220
74 8221
74 8222
74 8223
74 8224
74 8225
74 8226
74 8227
74 8228
74 8229
74 8231
74 8232
74 8233
74 8234
74 8236
74 8237
74 8238
74 8240
74 8241
74 8242
74 8243
74 8244
74 8245
74 8246
74 8247
74 8248
74 8249
74 8250
74 8251
74 8252
74 8253
74 8254
74 8255
74 8256
74 8257
74 8258
74 8259
74 8260
74 8261
74 8262
74 8263
74 8264
74 8265
74 8266
74 8267
74 8268
74 8269
74 8270
74 8271
74 8272
74 8273
74 8274
74 8275
74 8276
74 8277
74 8278
74 8279
74 8280
74 8281
74 8282
74 8283
74 8284
74 8285
74 8286
74 8287
74 8288
74 8289
74 8290
74 8291
74 8292
74 8293
74 8294
74 8296
74 8297
74 8298
74 8299
74 8300
74 8301
74 8302
74 8303
74 8304
74 8305
74 8306
74 8307
74 8308
74 8309
74 8310
74 8311
74 8312
74 8313
74 8314
74 8315
74 8316
74 8317
74 8318
74 8320
74 8321
74 8323
74 8324
74 8328
74 8330
74 8331
74 8332
74 8334
74 8335
74 8336
74 8337
74 8338
74 8340
74 8342
74 8343
74 8346
74 8347
74 8348
74 8349
74 8350
74 8351
74 8352
74 8354
74 8355
74 8356
74 8357
74 8359
74 8360
74 8361
74 8362
74 8363
74 8364
74 8365
74 8366
74 8368
74 8370
74 8371
74 8372
74 8373
74 8374
74 8375
74 8376
74 8377
74 8378
74 8379
74 8380
74 8382
74 8384
74 8385
74 8386
74 8387
74 8388
74 8389
74 8390
74 8391
74 8392
74 8393
74 8394
74 8395
74 8396
74 8397
74 8398
74 8399
74 8400
74 8401
74 8402
74 8403
74 8404
74 8405
74 8406
74 8407
74 8408
74 8409
74 8410
74 8411
74 8412
74 8413
74 8414
74 8415
74 8416
74 8417
74 8418
74 8419
74 8420
74 8421
74 8422
74 8423
74 8424
74 8425
74 8426
74 8427
74 8428
74 8429
74 8430
74 8431
74 8432
74 8433
74 8434
74 8435
74 8436
74 8437
74 8438
74 8439
74 8440
74 8441
74 8442
74 8443
74 8444
74 8445
74 8446
74 8447
74 8448
74 8449
74 8450
74 8451
74 8452
74 8453
74 8454
74 8455
74 8456
74 8457
74 8458
74 8459
74 8460
74 8461
74 8463
74 8464
74 8465
74 8466
74 8467
74 8468
74 8469
74 8470
74 8471
74 8472
74 8473
74 8474
74 8475
74 8476
74 8477
74 8478
74 8479
74 8480
74 8481
74 8482
74 8483
74 8484
74 8485
74 8486
74 8487
74 8488
74 8489
74 8490
74 8491
74 8492
74 8493
74 8494
74 8495
74 8496
74 8497
74 8498
74 8499
74 8500
74 8501
74 8502
74 8503
74 8504
74 8505
74 8506
74 8507
74 8508
74 8509
74 8510
74 8511
74 8512
74 8513
74 8514
74 8515
74 8516
74 8517
74 8518
74 8519
74 8520
74 8521
74 8522
74 8523
74 8524
74 8525
74 8526
74 8527
74 8528
74 8529
74 8530
74 8531
74 8532
74 8533
74 8534
74 8535
74 8536
74 8537
74 8538
74 8539
74 8540
74 8541
74 8542
74 8543
74 8544
74 8545
74 8546
74 8547
74 8548
74 8549
74 8550
74 8551
74 8552
74 8553
74 8554
74 8555
74 8556
74 8557
74 8558
74 8559
74 8560
74 8561
74 8562
74 8563
74 8564
74 8565
74 8566
74 8567
74 8568
74 8569
74 8570
74 8571
74 8572
74 8573
74 8574
74 8575
74 8576
74 8577
74 8578
74 8579
74 8580
74 8581
74 8582
74 8583
74 8584
74 8585
74 8586
74 8587
74 8588
74 8589
74 8590
74 8591
74 8592
74 8593
74 8594
74 8595
74 8596
74 8597
74 8598
74 8599
74 8600
74 8601
74 8602
74 8603
74 8604
74 8605
74 8606
74 8607
74 8608
74 8609
74 8610
74 8611
74 8612
74 8613
74 8614
74 8615
74 8616
74 8617
74 8618
74 8619
74 8620
74 8621
74 8622
74 8623
74 8624
74 8625
74 8626
74 8627
74 8628
74 8629
74 8630
74 8631
74 8632
74 8633
74 8634
74 8635
74 8636
74 8637
74 8638
74 8639
74 8640
74 8641
74 8642
74 8643
74 8644
74 8645
74 8646
74 8647
74 8648
74 8649
74 8650
74 8651
74 8652
74 8653
74 8654
74 8655
74 8656
74 8657
74 8658
74 8659
74 8660
74 8661
74 8662
74 8663
74 8664
74 8665
74 8666
74 8667
74 8668
74 8669
74 8670
74 8671
74 8672
74 8673
74 8674
74 8675
74 8676
74 8677
74 8678
74 8679
74 8680
74 8681
74 8682
74 8683
74 8684
74 8685
74 8686
74 8687
74 8688
74 8689
74 8690
74 8691
74 8692
74 8693
74 8694
74 8695
74 8696
74 8698
74 8699
74 8700
74 8701
74 8702
74 8703
74 8704
74 8705
74 8706
74 8707
74 8708
74 8709
74 8710
74 8711
74 8712
74 8713
74 8714
74 8715
74 8716
74 8717
74 8718
74 8719
74 8720
74 8721
74 8722
74 8723
74 8724
74 8725
74 8726
74 8727
74 8728
74 8729
74 8730
74 8731
74 8732
74 8733
74 8734
74 8735
74 8736
74 8737
74 8738
74 8739
74 8740
74 8741
74 8742
74 8743
74 8744
74 8745
74 8746
74 8747
74 8748
74 8749
74 8750
74 8751
74 8752
74 8753
74 8754
74 8755
74 8756
74 8757
74 8758
74 8759
74 8760
74 8761
74 8762
74 8763
74 8764
74 8765
74 8766
74 8767
74 8768
74 8769
74 8770
74 8771
74 8772
74 8773
74 8774
74 8775
74 8776
74 8777
74 8778
74 8779
74 8780
74 8781
74 8782
74 8783
74 8784
74 8785
74 8786
74 8787
74 8788
74 8789
74 8790
74 8791
74 8792
74 8793
74 8794
74 8795
74 8796
74 8797
74 8799
74 8800
74 8801
74 8802
74 8803
74 8804
74 8805
74 8806
74 8807
74 8808
74 8809
74 8810
74 8811
74 8812
74 8813
74 8814
74 8815
74 8816
74 8817
74 8818
74 8819
74 8820
74 8821
74 8822
74 8823
74 8824
74 8825
74 8826
74 8827
74 8828
74 8829
74 8830
74 8831
74 8832
74 8833
74 8834
74 8835
74 8836
74 8837
74 8838
74 8839
74 8840
74 8841
74 8842
74 8843
74 8844
74 8845
74 8846
74 8847
74 8848
74 8849
74 8850
74 8851
74 8852
74 8853
74 8855
74 8856
74 8857
74 8858
74 8859
74 8860
74 8861
74 8862
74 8863
74 8864
74 8865
74 8866
74 8867
74 8868
74 8869
74 8870
74 8871
74 8872
74 8873
74 8874
74 8875
74 8876
74 8877
74 8878
74 8879
74 8880
74 8881
74 8882
74 8883
74 8884
74 8885
74 8886
74 8887
74 8888
74 8889
74 8890
74 8891
74 8892
74 8893
74 8894
74 8895
74 8896
74 8897
74 8898
74 8899
74 8900
74 8901
74 8902
74 8903
74 8905
74 8906
74 8907
74 8908
74 8909
74 8910
74 8913
74 8914
74 8915
74 8916
74 8917
74 8918
74 8919
74 8920
74 8921
74 8922
74 8923
74 8925
74 8926
74 8927
74 8928
74 8929
74 8930
74 8931
74 8932
74 8933
74 8934
74 8935
74 8936
74 8937
74 8939
74 8940
74 8941
74 8942
74 8943
74 8945
74 8946
74 8947
74 8949
74 8950
74 8951
74 8952
74 8953
74 8955
74 8956
74 8958
74 8959
74 8960
74 8961
74 8962
74 8963
74 8964
74 8965
74 8967
74 8968
74 8969
74 8970
74 8971
74 8972
74 8973
74 8974
74 8975
74 8977
74 8978
74 8980
74 8983
74 8985
74 8986
74 8987
74 8988
74 8991
74 8995
74 8996
74 8998
74 9000
74 9002
74 9003
74 9004
74 9005
74 9008
74 9009
74 9010
74 9012
74 9015
74 9020
74 9021
74 9022
74 9023
74 9030
74 9031
74 9032
74 9033
74 6698
74 9034
74 9035
74 9038
74 9039
74 9040
74 9041
74 9042
74 9044
74 9046
74 9048
74 9049
74 9053
74 9055
74 9057
74 9068
74 9071
74 9072
74 9076
74 9077
74 9078
74 9079
74 9080
74 9081
74 9082
74 9083
74 9084
74 9085
74 9087
74 9088
74 9091
74 9102
74 9104
74 9107
74 9109
74 9111
74 9114
74 9134
74 9139
74 9142
74 9143
74 9147
74 9150
74 9153
74 9155
74 9156
74 9176
74 9199
74 9230
74 9232
74 9239
74 9271
74 9273
74 9274
74 9275
74 9279
74 9281
74 9345
74 9355
74 9363
74 9411
74 9441
74 9531
74 9636
74 9637
74 9639
74 9640
74 9641
74 9642
74 9644
74 9645
74 9646
74 9647
74 9648
74 9649
74 9650
74 9651
74 9652
74 9653
74 9654
74 9655
74 9656
74 9657
74 9660
74 9661
74 9662
74 9293
74 9663
74 9664
74 9666
74 9667
74 9668
74 9670
74 9671
74 9672
74 9673
74 9674
74 9675
74 9676
74 9678
74 9679
74 9680
74 9681
74 9682
74 9683
74 9684
74 9686
74 9688
74 9689
74 9691
74 9692
74 9695
74 9697
74 9698
74 9700
74 9701
74 9702
74 9703
74 9704
74 9705
74 9706
74 9707
74 9708
74 9709
74 9710
74 9711
74 9713
74 9714
74 9715
74 9716
74 9717
74 9719
74 9720
74 9724
74 9726
74 9727
74 9729
74 9730
74 9731
74 9732
74 9734
74 9735
74 6846
74 9736
74 9738
74 9739
74 9740
74 9741
74 9742
74 9743
74 9745
74 9746
74 9747
74 9748
74 9749
74 9750
74 9751
74 9755
74 9756
74 9758
74 9759
74 9760
74 9764
74 9768
74 9771
74 9775
74 9777
74 9778
74 9782
74 9783
74 9784
74 9788
74 9790
74 9792
74 9795
74 9797
74 9798
74 9799
74 9802
74 9806
74 9810
74 9811
74 9812
74 9813
74 9817
74 9819
74 9820
74 9821
74 9822
74 9829
74 9834
74 9836
74 9838
74 9839
74 9840
74 9843
74 9845
74 9853
74 9855
74 9856
74 9857
74 9858
74 9859
74 9862
74 9863
74 6847
74 9864
74 9868
74 9869
74 9870
74 9872
74 9877
74 9891
74 9893
74 9895
74 9900
74 9908
74 9910
74 9912
74 9913
74 9916
74 9918
74 9921
74 9930
74 9933
74 9936
74 9943
74 9954
74 9962
74 9971
74 9973
74 9974
74 9977
74 9980
74 9982
74 10000
74 10006
74 10011
74 10012
74 10013
74 10016
74 10020
74 10023
74 10030
74 10031
74 10038
74 10041
74 10042
74 10043
74 10044
74 10048
74 10053
74 10055
74 10057
74 10060
74 10062
74 10064
74 10066
74 10067
74 10068
74 10076
74 10081
74 10086
74 10088
74 10098
74 10101
74 10103
74 10104
74 10112
74 10126
74 10128
74 10129
74 10131
74 10134
74 10142
74 10143
74 10145
74 10149
74 10154
74 10156
74 10157
74 10246
74 10286
74 10298
74 10317
74 10351
74 10379
74 10386
74 10412
74 10444
74 10471
74 10486
74 10511
74 10522
74 10527
74 10538
74 10551
74 10553
74 10577
74 10584
74 10665
74 10667
74 10689
74 10697
74 10709
74 10755
74 10760
74 10810
74 10819
74 10821
74 10822
74 10825
74 10833
74 10842
74 10845
74 10852
74 10855
74 10857
74 10858
74 10874
74 10880
74 10895
74 10900
74 10926
74 10928
74 10930
74 10935
74 10939
74 10940
74 10947
74 10949
74 10950
74 10951
74 10957
74 10958
74 494
74 10976
74 11008
74 11037
74 11048
74 11190
74 11196
74 11199
74 11242
74 11246
74 11265
74 11287
74 11290
74 11351
113 114
113 200
113 215
113 288
113 314
113 316
113 327
113 334
113 437
113 534
113 549
113 551
113 598
113 691
113 815
113 917
113 924
113 962
113 965
113 1168
113 1196
113 1425
113 1426
113 1476
113 1485
113 1491
113 1664
113 1686
113 1696
113 1717
113 1732
113 1885
113 2004
113 2073
113 2207
113 2319
113 2376
113 2395
113 3294
113 4585
113 4691
113 4820
113 4971
113 5040
113 5086
113 5197
113 5240
113 5248
113 5255
113 5336
113 5392
113 5507
113 5510
113 5546
113 5592
113 5633
113 5677
113 5778
113 5804
113 5827
113 7811
113 7827
113 9220
118 119
118 166
118 192
118 203
118 222
118 235
118 254
118 258
118 267
118 286
118 342
118 408
118 516
118 525
118 535
118 632
118 635
118 716
118 865
118 866
118 909
118 928
118 929
118 937
118 942
118 943
118 944
118 982
118 1100
118 1140
118 1210
118 1252
118 1264
118 1389
118 1399
118 1417
118 1423
118 1470
118 1480
118 1507
118 1511
118 1635
118 1641
118 1655
118 1677
118 1680
118 1724
118 1728
118 1742
118 1902
118 1909
118 1933
118 2000
118 2008
118 2058
118 2064
118 2129
118 2160
118 2307
118 2422
118 3315
118 4679
118 4746
118 4805
118 4822
118 4835
118 4851
118 4878
118 5027
118 5064
118 5068
118 5201
118 5225
118 5236
118 5342
118 5345
118 5454
118 5539
118 5558
118 5606
118 5639
118 5667
118 5689
118 5823
118 5837
118 6318
118 7794
118 7959
118 9086
125 126
125 164
125 181
125 232
125 268
125 290
125 315
125 494
125 519
125 541
125 572
125 576
125 621
125 714
125 741
125 797
125 805
125 915
125 1006
125 1049
125 1193
125 1230
125 1246
125 1256
125 1290
125 1432
125 1721
125 1766
125 1878
125 1963
125 2005
125 2047
125 2090
125 2205
125 2258
125 2353
125 2359
125 2389
125 3007
125 4865
125 4921
125 4979
125 5252
125 5500
125 5580
125 5616
125 5648
125 5828
125 8178
125 8181
125 9231
132 133
132 271
132 542
132 655
132 1273
132 1688
132 1916
132 4886
132 5537
132 7896
141 142
141 152
141 1575
141 5138
141 5443
170 171
170 180
170 191
170 196
170 205
170 207
170 308
170 310
170 311
170 348
170 349
170 1149
170 1152
170 1153
170 1159
170 1165
170 1166
170 1240
170 1244
170 1248
170 1259
170 1262
170 1441
170 1442
170 1445
170 1461
170 1791
170 1792
170 1795
170 1808
170 1829
170 1830
170 1831
170 1854
170 1863
170 1864
170 1908
170 1917
170 1924
170 2101
170 2102
170 2108
170 2111
170 2115
170 2116
170 2251
170 2261
170 2267
170 2282
170 2317
170 2318
170 4703
170 4717
170 4723
170 4733
170 4737
170 4740
170 4741
170 4767
170 4768
170 4772
170 4773
170 4775
170 4783
170 4790
170 4882
170 4887
170 4889
170 4896
170 4898
170 4900
170 4954
170 4973
170 4976
170 4977
170 5096
170 5098
170 5104
170 5115
170 5116
170 5117
170 5158
170 5162
170 5164
170 5167
170 5168
170 5322
170 5327
170 5329
170 5330
170 5333
170 5416
170 5424
170 5427
170 5431
170 5434
170 5438
170 5445
170 5736
170 5738
170 5741
170 5747
170 5797
170 5800
170 5814
170 5820
170 5847
170 5851
170 5858
170 5860
170 5864
170 6029
170 6030
170 6133
170 6197
170 6215
170 6217
170 6221
170 6229
170 6230
170 6249
170 6253
170 6255
170 6282
170 6306
170 6354
170 6381
170 6833
170 6889
170 7004
170 7712
170 7715
170 7726
170 7740
170 7742
170 7743
170 7744
170 7754
170 7761
170 7779
170 7781
170 7783
170 7784
170 7788
170 7793
170 7914
170 7917
170 7918
170 7919
170 7920
170 7930
170 7937
170 8042
170 8046
170 8053
170 8122
170 8141
170 8142
170 8167
170 8180
170 8325
170 8326
170 8329
170 8339
170 9056
170 9061
170 9108
170 9112
170 9113
170 9115
170 9116
170 7845
170 9117
170 9157
170 9160
170 9164
170 9168
170 9169
170 9172
170 9173
170 9177
170 9178
170 9180
170 9186
170 9204
170 9208
170 9209
170 9210
170 9226
170 9227
170 9228
170 9235
170 9237
170 9800
170 9905
170 2039
170 9914
170 10917
170 10952
170 10954
170 10961
170 10989
170 10996
170 11002
170 11003
170 11306
170 11309
170 11345
170 11349
183 184
183 276
183 297
183 375
183 530
183 597
183 653
183 800
183 807
183 885
183 900
183 1063
183 1073
183 1078
183 1102
183 1142
183 1143
183 1267
183 1323
183 1353
183 1381
183 1472
183 1530
183 1533
183 1535
183 1579
183 1649
183 1673
183 1870
183 1962
183 1979
183 1982
183 2016
183 2137
183 4678
183 4684
183 4720
183 4927
183 4969
183 4989
183 5001
183 5028
183 5033
183 5052
183 5060
183 5061
183 5062
183 5063
183 5071
183 5083
183 5103
183 5130
183 5153
183 5189
183 5190
183 5191
183 5222
183 5232
183 5251
183 5259
183 5262
183 5269
183 5283
183 5292
183 5340
183 5355
183 5389
183 5406
183 5491
183 5501
183 5511
183 5516
183 5550
183 5553
183 5568
183 5590
183 5619
183 5661
183 5666
183 5676
183 5700
183 5720
183 5734
183 5737
183 5777
183 5793
183 5807
183 5844
183 5862
183 232
183 5866
183 5867
183 6218
183 6240
183 6754
183 6958
183 6992
183 6999
183 7000
183 7096
183 7795
183 7801
183 7802
183 7805
183 7929
183 8076
183 8079
183 8097
183 8108
183 8189
183 8211
183 8948
183 9070
183 9073
183 9075
183 9201
183 9206
183 9216
183 9234
183 9236
183 9391
183 9425
183 9522
183 9815
183 10239
183 10881
183 10969
183 10983
183 11041
183 11047
183 11267
183 11293
183 11326
183 11344
183 11352
187 188
187 480
187 501
187 1093
187 1113
187 1341
187 1373
187 1597
187 1629
187 1634
187 1827
187 1844
187 1846
187 1886
187 1894
187 1900
187 2070
187 2078
187 2131
187 4476
187 4972
187 4990
187 5128
187 5169
187 5244
187 5304
187 5697
193 194
193 1181
193 1698
208 209
208 591
208 628
208 762
208 820
208 1033
208 1039
208 1526
208 1753
208 1774
208 1817
208 2015
208 2051
208 2062
208 2152
208 2299
208 2369
208 4920
208 4957
208 5095
208 5133
208 5134
208 5238
208 5373
208 5421
208 5456
208 5577
208 5579
208 5647
208 5662
208 8183
208 9250
208 9305
208 9413
208 10499
208 11014
208 11333
220 221
220 250
220 283
220 557
220 599
220 612
220 637
220 670
220 720
220 1056
220 1133
220 1144
220 1238
220 1340
220 1681
220 1693
220 1799
220 1849
220 2110
220 2119
220 2281
220 2368
220 4686
220 5129
220 5142
220 5308
220 7756
244 245
244 347
244 441
244 450
244 470
244 526
244 571
244 685
244 822
244 916
244 931
244 933
244 978
244 1067
244 1115
244 1119
244 1449
244 1502
244 1875
244 1884
244 1890
244 2245
244 2407
244 5019
244 5339
263 264
263 298
263 307
263 309
263 317
263 371
263 374
263 383
263 403
263 417
263 418
263 419
263 420
263 436
263 456
263 471
263 484
263 487
263 503
263 506
263 518
263 532
263 538
263 540
263 546
263 569
263 574
263 579
263 580
263 600
263 611
263 614
263 639
263 646
263 648
263 659
263 666
263 707
263 722
263 733
263 746
263 754
263 755
263 757
263 768
263 769
263 771
263 777
263 778
263 801
263 803
263 817
263 827
263 835
263 843
263 851
263 858
263 859
263 868
263 872
263 874
263 893
263 896
263 939
263 940
263 955
263 956
263 957
263 964
263 971
263 983
263 988
263 992
263 993
263 1001
263 1003
263 1030
263 1035
263 1048
263 1053
263 1096
263 1324
263 1515
263 1879
263 1897
263 2091
263 5147
263 5155
263 5332
263 7689
279 280
279 458
279 462
279 553
279 606
279 627
279 633
279 682
279 783
279 905
279 934
279 948
279 959
279 977
279 1012
279 1016
279 1286
279 1468
279 1497
279 1529
279 1662
279 1790
279 1867
279 1901
279 1918
279 1935
279 1997
279 2255
279 2399
279 2408
279 5000
279 5008
279 5217
279 5233
279 5337
279 5360
279 5549
279 5567
279 5640
279 5871
279 6323
279 7851
279 8210
353 354
353 989
353 1054
353 1070
353 1205
353 1239
353 1285
353 1292
353 1380
353 1394
353 1413
353 1453
353 1514
353 1518
353 1532
353 1539
353 1700
353 1704
353 1954
353 2123
353 4700
353 4917
353 5077
353 5414
353 6948
353 9130
353 9188
353 9247
353 10639
353 11338
380 381
380 1520
380 9260
380 9385
380 8126
380 9387
380 9389
380 9390
380 9392
380 9393
380 9394
380 9395
380 9396
380 9397
380 9399
380 9400
380 9406
380 9414
380 9418
380 9445
380 9490
380 9529
380 9534
380 9576
380 9577
380 9578
380 9579
380 9685
380 9825
380 9892
380 9911
380 9947
380 9989
380 10147
380 10218
380 10416
380 10422
380 10442
380 10476
380 10533
380 10539
380 10542
380 10849
380 10884
380 10887
380 10888
380 10889
380 10890
380 10893
380 10894
380 10905
380 10929
380 10948
380 10953
380 10960
380 10962
380 10964
380 10979
380 10981
380 10990
380 10991
380 10995
380 10999
380 8046
380 11019
380 11022
380 11023
380 11034
431 432
431 499
431 799
431 1467
431 1786
431 1843
431 1881
431 1891
431 4755
431 5869
431 9192
431 9218
431 9244
431 10977
468 469
468 761
468 897
468 1308
468 1338
468 1589
468 4753
468 4939
468 5617
468 5755
468 6990
468 8192
468 8217
468 9170
701 702
701 7717
795 796
795 798
795 1128
795 1312
795 1386
795 1645
795 2067
795 2092
795 4926
795 4963
795 4982
795 5007
980 981
980 2169
980 2217
980 2244
980 2246
980 2256
980 4713
980 4715
980 5873
980 9270
980 9282
980 11204
980 11207
980 11209
980 8430
980 11268
1156 1157
1156 1307
1156 1335
1156 4804
1156 4947
1156 4975
1156 5280
1156 5455
1156 5476
1156 7679
1183 1184
1183 1192
1253 1254
1253 1276
1253 1280
1253 2006
1347 1348
1347 1818
1347 1841
1347 2095
1347 2109
1347 5170
1347 5325
1347 7012
1347 7013
1347 7014
1347 7015
1347 7016
1347 7017
1347 7018
1347 7019
1347 7020
1347 7021
1347 7022
1347 7023
1347 7024
1347 7025
1347 7026
1347 7027
1347 7029
1347 7031
1347 7032
1347 7033
1347 7034
1347 7035
1347 7036
1347 7037
1347 7038
1347 7039
1347 7040
1347 7041
1347 7042
1347 7043
1347 7044
1347 7045
1347 7046
1347 7047
1347 7048
1347 7049
1347 7051
1347 7052
1347 7053
1347 7054
1347 7055
1347 7056
1347 7057
1347 7058
1347 7059
1347 7060
1347 7061
1347 7062
1347 7063
1347 7064
1347 7065
1347 7066
1347 7067
1347 7068
1347 7069
1347 7070
1347 7071
1347 7072
1347 7073
1347 7074
1347 7075
1347 7076
1347 7077
1347 7078
1347 7079
1347 7081
1347 7082
1347 7083
1347 7084
1347 7085
1347 7086
1347 7087
1347 7088
1347 7089
1347 7090
1347 7091
1347 7092
1347 7093
1347 7094
1347 7095
1347 7097
1347 7098
1347 7099
1347 7100
1347 7101
1347 7102
1347 7103
1347 7104
1347 7105
1347 7106
1347 7107
1347 7108
1347 7109
1347 7110
1347 7111
1347 7112
1347 7113
1347 7114
1347 7115
1347 7116
1347 7117
1347 7118
1347 7119
1347 7120
1347 7121
1347 7122
1347 7123
1347 7124
1347 7125
1347 7126
1347 7127
1347 7128
1347 7129
1347 7130
1347 7131
1347 7132
1347 7133
1347 7134
1347 7135
1347 7136
1347 7137
1347 7138
1347 7139
1347 7140
1347 7141
1347 7142
1347 7143
1347 7144
1347 7145
1347 7146
1347 7147
1347 7148
1347 7149
1347 7150
1347 7151
1347 7152
1347 7153
1347 7154
1347 7155
1347 7156
1347 7157
1347 7158
1347 7159
1347 7160
1347 7161
1347 7162
1347 7163
1347 7164
1347 7165
1347 7166
1347 7167
1347 7168
1347 7169
1347 7170
1347 7171
1347 7172
1347 7173
1347 7174
1347 7175
1347 7176
1347 7177
1347 7178
1347 7179
1347 7180
1347 7181
1347 7183
1347 7184
1347 7185
1347 7186
1347 7187
1347 7188
1347 7189
1347 7190
1347 7191
1347 7192
1347 7193
1347 7194
1347 7195
1347 7196
1347 7197
1347 7198
1347 7199
1347 7200
1347 7201
1347 7202
1347 7203
1347 7204
1347 7205
1347 7206
1347 7207
1347 7208
1347 7209
1347 7210
1347 7211
1347 7212
1347 7213
1347 7214
1347 7215
1347 7216
1347 7217
1347 7218
1347 7219
1347 7220
1347 7221
1347 7222
1347 7223
1347 7224
1347 7225
1347 7226
1347 7227
1347 7228
1347 7229
1347 7230
1347 7231
1347 7232
1347 7234
1347 7235
1347 7236
1347 7237
1347 7238
1347 7239
1347 7240
1347 7241
1347 7242
1347 7243
1347 7244
1347 7245
1347 7246
1347 7247
1347 7248
1347 7249
1347 7250
1347 7251
1347 7252
1347 7253
1347 7254
1347 7255
1347 7256
1347 7257
1347 7258
1347 7259
1347 7260
1347 7261
1347 7262
1347 7263
1347 7264
1347 7265
1347 7266
1347 7267
1347 7268
1347 7269
1347 7270
1347 7271
1347 7272
1347 7273
1347 7274
1347 7275
1347 7276
1347 7277
1347 7278
1347 7279
1347 7280
1347 7281
1347 7282
1347 7283
1347 7284
1347 7285
1347 7286
1347 7287
1347 7288
1347 7289
1347 7290
1347 7291
1347 7292
1347 7293
1347 7294
1347 7295
1347 7296
1347 7297
1347 7298
1347 7299
1347 7300
1347 7301
1347 7302
1347 7303
1347 7304
1347 7305
1347 7306
1347 7307
1347 7308
1347 7309
1347 7310
1347 7311
1347 7312
1347 7313
1347 7314
1347 7315
1347 7316
1347 7317
1347 7318
1347 7319
1347 7320
1347 7321
1347 7322
1347 7323
1347 7324
1347 7325
1347 7326
1347 7327
1347 7328
1347 7329
1347 7330
1347 7331
1347 7332
1347 7333
1347 7334
1347 7335
1347 7336
1347 7337
1347 7338
1347 7339
1347 7340
1347 7341
1347 7342
1347 7343
1347 7344
1347 7345
1347 7346
1347 7347
1347 7348
1347 7349
1347 7350
1347 7351
1347 7352
1347 7353
1347 7354
1347 7355
1347 7356
1347 7357
1347 7358
1347 7359
1347 7360
1347 7361
1347 7362
1347 7363
1347 7364
1347 7365
1347 7366
1347 7367
1347 7368
1347 7369
1347 7370
1347 7371
1347 7372
1347 7373
1347 7374
1347 7375
1347 7376
1347 7377
1347 7378
1347 7379
1347 7380
1347 7381
1347 7382
1347 7383
1347 7384
1347 7385
1347 7386
1347 7387
1347 7388
1347 7389
1347 7390
1347 7391
1347 7392
1347 7393
1347 7394
1347 7395
1347 7396
1347 7397
1347 7398
1347 7399
1347 7400
1347 7401
1347 7402
1347 7403
1347 7404
1347 7405
1347 7406
1347 7407
1347 7408
1347 7409
1347 7410
1347 7411
1347 7412
1347 7413
1347 7414
1347 7415
1347 7416
1347 7417
1347 7418
1347 7419
1347 7420
1347 7421
1347 7422
1347 7423
1347 7424
1347 7425
1347 7426
1347 7427
1347 7428
1347 7429
1347 7430
1347 7431
1347 7432
1347 7433
1347 7434
1347 7435
1347 7436
1347 7437
1347 7438
1347 7439
1347 7440
1347 7441
1347 7442
1347 7443
1347 7444
1347 7445
1347 7446
1347 7447
1347 7448
1347 7449
1347 7450
1347 7451
1347 7452
1347 7453
1347 7454
1347 7455
1347 7456
1347 7457
1347 7458
1347 7459
1347 7460
1347 7461
1347 7462
1347 7463
1347 7464
1347 7465
1347 7466
1347 7467
1347 7468
1347 7470
1347 7471
1347 7472
1347 7473
1347 7474
1347 7475
1347 7477
1347 7478
1347 7479
1347 7480
1347 7481
1347 7482
1347 7483
1347 7484
1347 7485
1347 7486
1347 7487
1347 7488
1347 7489
1347 7490
1347 7491
1347 7492
1347 7493
1347 7494
1347 7495
1347 7496
1347 7497
1347 7498
1347 7499
1347 7500
1347 7501
1347 7502
1347 7503
1347 7504
1347 7505
1347 7506
1347 7507
1347 7508
1347 7509
1347 7510
1347 7511
1347 7512
1347 7513
1347 7514
1347 7515
1347 7516
1347 7517
1347 7518
1347 7519
1347 7520
1347 7521
1347 7522
1347 7523
1347 7524
1347 7525
1347 7526
1347 7527
1347 7528
1347 7529
1347 7530
1347 7531
1347 7532
1347 7533
1347 7534
1347 7535
1347 7536
1347 7537
1347 7538
1347 7539
1347 7540
1347 7541
1347 7542
1347 7543
1347 7545
1347 7546
1347 7547
1347 7548
1347 7549
1347 7550
1347 7551
1347 7552
1347 7553
1347 7554
1347 7556
1347 7557
1347 7558
1347 7559
1347 7560
1347 7561
1347 7562
1347 7563
1347 7564
1347 7565
1347 7566
1347 7567
1347 7569
1347 7570
1347 7571
1347 7572
1347 7573
1347 7574
1347 7575
1347 7576
1347 7577
1347 7578
1347 7579
1347 7580
1347 7581
1347 7582
1347 7583
1347 7584
1347 7585
1347 7586
1347 7587
1347 7588
1347 7589
1347 7590
1347 7591
1347 7592
1347 7593
1347 7594
1347 7595
1347 7596
1347 7597
1347 7598
1347 7599
1347 7600
1347 7601
1347 7602
1347 7603
1347 7604
1347 7605
1347 7606
1347 7607
1347 7608
1347 7609
1347 7610
1347 7611
1347 7612
1347 7613
1347 7614
1347 7615
1347 7616
1347 7617
1347 7619
1347 7620
1347 7621
1347 7622
1347 7623
1347 7624
1347 7625
1347 7626
1347 7627
1347 7628
1347 7629
1347 7630
1347 7631
1347 7632
1347 7633
1347 7634
1347 7635
1347 7636
1347 7637
1347 7638
1347 7639
1347 7640
1347 7641
1347 7642
1347 7643
1347 7644
1347 7645
1347 7646
1347 7647
1347 7648
1347 7649
1347 7650
1347 7651
1347 7652
1347 7653
1347 7654
1347 7655
1347 7656
1347 7657
1347 7658
1347 7659
1347 7660
1347 7661
1347 7662
1347 7663
1347 7664
1347 7665
1347 7666
1347 7667
1347 7668
1347 7669
1347 7670
1347 7671
1347 7672
1347 7673
1347 7714
1489 1490
1489 1946
1489 5265
1689 1690
1689 1754
1689 1960
1689 2352
1689 5208
1689 5245
1689 5681
1689 5799
1689 9096
2028 2029
2033 2034
2033 2035
2033 2343
2033 2347
2033 2355
2033 2361
2033 5876
2033 5877
2033 5878
2033 5879
2033 5880
2033 5881
2033 5882
2033 5883
2033 5884
2033 5885
2033 5888
2033 5889
2033 5890
2033 5891
2033 5893
2033 5894
2033 5895
2033 5902
2033 5946
2033 5972
2033 6008
2033 6065
2033 6212
2033 6222
2033 6232
2033 6234
2033 6235
2033 6237
2033 6239
2033 6241
2033 6242
2033 6246
2033 6248
2033 6252
2033 6254
2033 6256
2033 6261
2033 6263
2033 6311
2033 6315
2033 6316
2033 6321
2033 6348
2033 6356
2033 6358
2033 6408
2033 6650
2033 6776
2033 6871
2033 6995
2033 7002
2033 9401
2033 9402
2033 9403
2033 9404
2033 9415
2033 9420
2033 9427
2033 9440
2033 10138
2033 10847
2033 11012
2139 2140
2139 2309
2139 2311
2139 2316
2139 2323
2139 2402
2139 2406
2139 6349
2139 10074
2212 2213
2212 2221
2212 2231
2212 2234
2212 2287
2212 4714
2212 6781
2212 6966
2263 2264
2341 2342
2341 6463
2341 6499
2341 6511
2341 2341
2341 6553
2341 6574
2341 6577
2341 6600
2341 6617
2341 6636
2341 6644
2341 6660
2341 6696
2341 6715
2341 6778
2341 6783
2341 6787
2341 6791
2341 6831
2341 6863
2341 6869
2341 6886
2341 6890
2341 6895
2341 6900
2341 6901
2341 6943
2341 6950
2341 6963
2341 6967
2341 6977
2341 6979
2341 6986
2341 7028
2341 7469
2341 7702
2341 7747
2341 7763
2341 7773
2341 7789
2341 7814
2341 7839
2341 7842
2341 7844
2341 7852
2341 7863
2341 7870
2341 7893
2341 8072
2341 8073
2341 8074
2341 8200
2341 9308
2341 9423
2341 9424
2341 9431
2341 9569
2341 9601
2341 9618
2341 9620
2341 9794
2341 9850
2341 9876
2341 9882
2341 9886
2341 9997
2341 10017
2341 10028
2341 10080
2341 10091
2341 10161
2341 10166
2341 10285
2341 10355
2341 10585
2341 10645
2341 10672
2341 10789
2341 10839
4721 4722
4721 5270
4731 4732
4912 4913
5181 5182
5181 5188
5181 5812
5181 5815
5181 6675
5181 8166
5181 8179
5181 8186
5181 8202
5181 8213
5181 8239
5181 8944
5181 8979
5181 9045
5181 11045
5266 5267
5266 9195
5562 5563
5704 9314
5788 5789
5788 5790
5788 5794
5788 7864
5788 7865
5788 7866
5788 7867
5788 7868
5788 7869
5788 7871
5788 7872
5788 7873
5788 7874
5788 7878
5788 7879
5788 7882
5788 7884
5788 7885
5788 7886
5788 7888
5788 7889
5788 7891
5788 7892
5788 7894
5788 7897
5788 7898
5788 7900
5788 7901
5788 7904
5788 7910
5788 7946
5788 7947
5788 7963
5788 7974
5788 7977
5788 7978
5788 7979
5788 7981
5788 7982
5788 7983
5788 7991
5788 7994
5788 7998
5788 7999
5788 8000
5788 8006
5788 8008
5788 8009
5788 8011
5788 8012
5788 8013
5788 8014
5788 8015
5788 8017
5788 8018
5788 8019
5788 8032
5788 8036
5788 8039
5788 8044
5788 8048
5788 8049
5788 8050
5788 8054
5788 8055
5788 8056
5788 8057
5788 8058
5788 8064
5788 8068
5788 8069
5788 8104
5788 8162
5788 8697
5788 8798
5788 9090
5886 5887
6268 6269
6268 6270
6268 6271
6268 6273
6268 6274
6268 6275
6268 6276
6268 6277
6268 6278
6268 6279
6268 6280
6268 6281
6268 6283
6268 6284
6268 6286
6268 6287
6268 6288
6268 6289
6268 6290
6268 6291
6268 6292
6268 6293
6268 6294
6268 6295
6268 6296
6268 6297
6268 6298
6268 6299
6268 6300
6268 6301
6268 6303
6268 6304
6268 6305
6268 6307
6268 6308
6268 6310
6268 6312
6268 6314
6268 6319
6268 6322
6268 6325
6268 6329
6268 6330
6268 6331
6268 6332
6268 6333
6268 6334
6268 6335
6268 6336
6268 6337
6268 6338
6268 6339
6268 6341
6268 6343
6268 6344
6268 6345
6268 6347
6268 6355
6268 6359
6268 6360
6268 6401
6268 6415
6268 6450
6268 6480
6268 6512
6268 6526
6268 6552
6268 6640
6268 6748
6268 6793
6268 6843
6268 6854
6268 6864
6268 6883
6268 7007
6268 7810
6268 7834
6268 7936
6268 8059
6268 8102
6268 8107
6268 8205
6268 9174
6268 9207
6677 6678
6677 6679
6677 6685
6677 6689
6677 6720
6677 6745
6677 6762
6677 6779
6677 6795
6677 7685
6677 7697
6677 7700
6823 6824
6823 6982
6823 7733
6823 7745
6968 6969
6968 9442
6968 9447
6968 9617
6968 9718
6968 9721
7759 7760
8236 9314
9018 9019
9184 9185
9184 9283
9184 9284
9184 9285
9184 9286
9184 9287
9184 9288
9184 9290
9184 9291
9184 9292
9184 9293
9184 9294
9184 9295
9184 9312
9184 9313
9184 9322
9184 9323
9184 9324
9184 9325
9184 9330
9184 9339
9184 9344
9184 9375
9184 9376
9184 9377
9184 9378
9184 9379
9184 9380
9184 9381
9184 9383
9184 9388
9222 9223
9222 9366
9222 9222
9222 10506
9314 9315
9314 9316
9314 9317
9314 9318
9314 9319
9314 9320
9314 9321
9314 9326
9314 9327
9314 9328
9314 9329
9314 9331
9314 9332
9314 9333
9314 9334
9314 9335
9314 9336
9314 9337
9314 9338
9314 9340
9314 9341
9314 9342
9314 9343
9314 9346
9314 9347
9314 9348
9314 9349
9314 9350
9314 9351
9314 9352
9314 9353
9314 9354
9314 9356
9314 9357
9314 9358
9314 9359
9314 9360
9314 9364
9314 9365
9314 9368
9314 9369
9314 9370
9314 9371
9314 9372
9314 9373
9314 9374
9314 9398
9314 9408
9314 9409
9314 9410
9314 9416
9314 9417
9314 9419
9314 9753
9314 10007
9314 10290
9314 10593
9314 10869
9314 11281
9314 11285
9433 9434
9515 9516
10944 10945
10944 10965
11050 11051
11050 11259
11243 11244
