0 1
0 4
0 5
0 6
0 7
0 10
0 16
0 17
0 18
0 19
0 22
0 26
0 27
0 34
0 40
0 41
0 53
0 54
0 58
0 59
0 64
0 70
0 102
0 108
0 110
0 111
0 112
0 113
0 114
0 117
0 118
0 119
0 130
0 131
0 132
0 134
0 135
0 136
0 137
0 138
0 139
0 140
0 141
0 145
0 146
0 150
0 152
0 153
0 171
0 174
0 212
0 216
0 245
0 250
0 255
0 265
0 277
0 283
0 284
0 304
0 313
0 322
0 326
0 413
0 575
0 576
0 621
0 626
0 788
0 838
0 839
0 842
0 856
0 858
0 863
0 1111
0 1123
0 1125
0 1129
0 1130
0 1133
0 1134
0 1135
0 1136
0 1137
0 1139
0 1140
0 1195
0 1200
0 1206
0 1246
0 1256
0 1316
0 1370
0 1371
0 1377
0 1386
0 1388
0 1414
0 1881
0 1883
0 1891
0 1894
0 1915
0 2315
0 2318
0 2324
0 2329
0 2336
0 2343
0 2349
0 2356
0 2417
0 2418
0 2420
0 2421
0 2422
0 2444
0 2447
0 2473
0 2477
0 2485
0 2489
0 2496
0 2497
0 2499
0 2507
0 2510
0 2516
0 2519
0 2520
0 2521
0 2535
0 2538
0 2539
0 2541
0 3178
0 3258
0 3274
0 3341
0 4926
0 4979
0 4980
0 4981
0 4982
0 4984
0 4985
0 4986
0 4993
0 4994
0 4995
0 4996
0 4997
0 4998
0 4999
0 5002
0 5008
0 5009
0 5011
0 5016
0 5022
0 5023
0 5024
0 5026
0 5027
0 5035
0 5037
0 5041
0 5055
0 5073
0 5075
0 5085
0 5105
0 5190
0 5274
0 5294
0 5305
0 5314
0 5339
0 5340
0 5345
0 5349
0 5350
0 5351
0 5352
0 5355
0 5358
0 5368
0 5379
0 5380
0 5384
0 5385
0 5387
0 5388
0 5394
0 5399
0 5408
0 5415
0 5452
0 5562
0 5580
0 5680
0 5682
0 5690
0 5702
0 5713
0 5723
0 5727
0 5733
0 5734
0 5736
0 5738
0 5739
0 5741
0 5743
0 5745
0 5746
0 5751
0 5753
0 5756
0 5758
0 5759
0 5762
0 5765
0 5774
0 5775
0 5782
0 5783
0 5785
0 5789
0 5791
0 5808
0 5809
0 5812
0 5923
0 5988
0 5990
0 5991
0 5996
0 5997
0 6001
0 6003
0 6004
0 6010
0 6013
0 6032
0 6051
0 6067
0 6069
0 6073
0 6075
0 6195
0 6211
0 6212
0 6411
0 6428
0 6431
0 6432
0 6438
0 6439
0 6440
0 6441
0 6442
0 6444
0 6445
0 6447
0 6448
0 6449
0 6450
0 6451
0 6452
0 6453
0 6454
0 6455
0 6456
0 6457
0 6458
0 6459
0 6460
0 6461
0 6462
0 6463
0 6466
0 4475
0 6468
0 6470
0 6473
0 6495
0 6498
0 6501
0 6505
0 6508
0 6517
0 6520
0 6523
0 6524
0 6525
0 6526
0 6527
0 6528
0 6529
0 6530
0 6532
0 6537
0 6549
0 6550
0 6551
0 6552
0 6553
0 6555
0 6589
0 6607
0 6614
0 6655
0 6689
0 6695
0 6699
0 6704
0 6709
0 6720
0 6723
0 6726
0 6728
0 6730
0 6735
0 6750
0 6751
0 6760
0 6761
0 6762
0 6767
0 6771
0 6784
0 6791
0 6798
0 6852
0 6860
0 6861
0 6864
0 6901
0 6902
0 6903
0 6960
0 6962
0 6968
0 6976
0 6978
0 6981
0 7110
0 7216
0 7219
0 7228
0 7254
0 7272
0 7273
0 7566
0 7834
0 7868
0 7885
0 8028
0 8160
0 8289
0 8298
0 8300
0 8308
0 8312
0 8323
0 8334
0 8335
0 8359
0 8370
0 8446
0 8473
0 8474
0 8475
0 8476
0 8477
0 8481
0 8486
0 8487
0 8488
0 8489
0 8490
0 8491
0 8492
0 8494
0 8498
0 8499
0 8502
0 8505
0 8506
0 8507
0 8523
0 8524
0 8527
0 8540
2 3
2 11
2 20
2 25
2 28
2 29
2 30
2 32
2 33
2 35
2 36
2 39
2 44
2 47
2 50
2 55
2 56
2 65
2 95
2 99
2 103
2 115
2 122
2 128
2 142
2 230
2 232
2 279
2 281
2 298
2 314
2 318
2 329
2 330
2 332
2 333
2 334
2 335
2 337
2 338
2 339
2 341
2 342
2 343
2 344
2 345
2 346
2 347
2 348
2 350
2 351
2 352
2 353
2 355
2 370
2 374
2 376
2 381
2 385
2 392
2 393
2 394
2 408
2 415
2 422
2 427
2 428
2 446
2 464
2 478
2 480
2 501
2 533
2 548
2 566
2 571
2 572
2 627
2 628
2 629
2 630
2 631
2 632
2 633
2 634
2 635
2 636
2 637
2 638
2 639
2 640
2 641
2 642
2 643
2 644
2 646
2 647
2 648
2 649
2 650
2 651
2 652
2 653
2 654
2 655
2 656
2 657
2 658
2 659
2 660
2 661
2 662
2 663
2 664
2 665
2 666
2 667
2 668
2 669
2 670
2 671
2 672
2 673
2 674
2 675
2 676
2 677
2 678
2 679
2 680
2 681
2 682
2 683
2 684
2 685
2 686
2 687
2 688
2 689
2 690
2 692
2 693
2 694
2 695
2 696
2 697
2 698
2 699
2 700
2 701
2 702
2 703
2 704
2 705
2 706
2 707
2 708
2 709
2 710
2 711
2 712
2 713
2 714
2 715
2 716
2 717
2 718
2 719
2 720
2 721
2 722
2 723
2 724
2 725
2 726
2 727
2 728
2 729
2 730
2 732
2 733
2 734
2 735
2 736
2 737
2 738
2 739
2 741
2 742
2 743
2 744
2 745
2 746
2 747
2 748
2 749
2 751
2 752
2 754
2 755
2 756
2 757
2 758
2 759
2 761
2 762
2 763
2 764
2 766
2 767
2 768
2 769
2 770
2 771
2 772
2 773
2 774
2 775
2 777
2 778
2 779
2 780
2 781
2 782
2 783
2 784
2 785
2 786
2 787
2 798
2 803
2 806
2 808
2 810
2 811
2 812
2 816
2 817
2 820
2 821
2 822
2 823
2 824
2 826
2 828
2 829
2 835
2 836
2 840
2 841
2 843
2 847
2 849
2 853
2 854
2 855
2 857
2 859
2 861
2 862
2 865
2 866
2 867
2 868
2 869
2 870
2 871
2 872
2 874
2 875
2 880
2 881
2 883
2 885
2 886
2 892
2 894
2 899
2 900
2 901
2 903
2 905
2 911
2 912
2 916
2 917
2 925
2 926
2 929
2 984
2 1018
2 1022
2 1054
2 1057
2 1059
2 1062
2 1067
2 1069
2 1072
2 1073
2 1075
2 1085
2 1091
2 1109
2 1119
2 1120
2 1122
2 1126
2 1297
2 625
2 1314
2 1358
2 1380
2 1408
2 1409
2 1419
2 1420
2 1421
2 1431
2 1473
2 1571
2 1656
2 1783
2 1813
2 1824
2 1834
2 1847
2 1907
2 1911
2 1913
2 1918
2 1924
2 1972
2 2120
2 2147
2 2204
2 2226
2 2245
2 2250
2 2251
2 2252
2 2256
2 2270
2 2272
2 2273
2 2275
2 2277
2 2278
2 2280
2 2281
2 2282
2 2286
2 2292
2 2300
2 2302
2 2303
2 2308
2 2309
2 2317
2 2321
2 2323
2 2327
2 2330
2 2339
2 2340
2 2347
2 2351
2 2405
2 2413
2 2501
2 2540
2 2544
2 2550
2 2792
2 3035
2 3115
2 3126
2 3134
2 3183
2 3200
2 3210
2 3233
2 3234
2 3235
2 3236
2 3237
2 3238
2 3239
2 3240
2 3241
2 3242
2 3243
2 3244
2 3245
2 3246
2 3247
2 3248
2 3249
2 3250
2 3251
2 3252
2 3253
2 3254
2 3255
2 3256
2 3259
2 3260
2 3261
2 3262
2 3263
2 3264
2 3267
2 3278
2 3279
2 3280
2 3281
2 3282
2 3284
2 3286
2 3288
2 3292
2 3293
2 3294
2 3295
2 3296
2 3303
2 3304
2 3305
2 3309
2 3323
2 3332
2 3335
2 3340
2 3347
2 3378
2 3387
2 3392
2 3523
2 3541
2 4181
2 4219
2 4260
2 4394
2 4687
2 4769
2 4876
2 4893
2 4896
2 4937
2 4966
2 4983
2 5018
2 5179
2 5409
2 5517
2 5578
2 5590
2 5628
2 5796
2 5797
2 5798
2 5799
2 5800
2 5802
2 5804
2 5805
2 5806
2 5807
2 5811
2 5813
2 5815
2 5816
2 5819
2 5820
2 5823
2 5826
2 5828
2 5910
2 5913
2 5914
2 5950
2 6026
2 6183
2 6187
2 6220
2 6222
2 6273
2 6345
2 6409
2 6413
2 6415
2 6436
2 6545
2 6547
2 6708
2 6806
2 6807
2 6809
2 6810
2 6811
2 6812
2 6814
2 6815
2 6817
2 6818
2 6819
2 6820
2 6821
2 6822
2 6824
2 6827
2 6830
2 6832
2 6834
2 6836
2 6838
2 6842
2 6845
2 6846
2 6849
2 6850
2 6851
2 6853
2 6854
2 6856
2 6862
2 6877
2 6878
2 6884
2 6888
2 6889
2 6896
2 7263
2 7544
2 7744
2 7811
2 7911
2 7912
2 7942
2 8011
2 8075
2 8113
2 8135
2 8152
2 8177
2 8189
2 8214
2 8337
2 8368
2 8427
2 8471
2 8495
2 8509
2 8534
8 9
8 21
8 60
8 165
8 251
8 260
8 922
8 1017
8 1138
8 1152
8 1192
8 1874
8 1878
8 1879
8 1882
8 2222
8 2397
8 3122
8 3205
8 3291
8 4990
8 5566
8 7882
8 8330
8 8375
8 8405
8 8454
8 8469
8 8472
12 13
12 31
12 48
12 49
12 57
12 69
12 72
12 73
12 74
12 75
12 76
12 77
12 78
12 79
12 80
12 81
12 82
12 83
12 84
12 85
12 87
12 88
12 89
12 90
12 91
12 92
12 93
12 100
12 101
12 104
12 105
12 109
12 121
12 125
12 126
12 129
12 143
12 149
12 211
12 218
12 234
12 286
12 287
12 290
12 291
12 292
12 293
12 294
12 295
12 297
12 299
12 300
12 301
12 302
12 303
12 305
12 306
12 312
12 319
12 321
12 486
12 546
12 558
12 561
12 567
12 568
12 573
12 615
12 617
12 622
12 623
12 691
12 760
12 789
12 790
12 791
12 792
12 793
12 794
12 795
12 796
12 797
12 799
12 800
12 801
12 802
12 804
12 805
12 809
12 814
12 818
12 833
12 834
12 846
12 860
12 896
12 897
12 902
12 906
12 908
12 910
12 915
12 918
12 1113
12 1114
12 1131
12 1423
12 1424
12 1425
12 1426
12 1427
12 1428
12 1429
12 1432
12 1433
12 1434
12 1435
12 1437
12 1438
12 1439
12 1440
12 1441
12 1442
12 1443
12 1444
12 1447
12 1448
12 1449
12 1452
12 1453
12 1456
12 1458
12 1459
12 1460
12 1462
12 1464
12 1466
12 1467
12 1468
12 1470
12 1471
12 1472
12 1474
12 1475
12 1482
12 1506
12 1508
12 1547
12 1590
12 1709
12 1815
12 1845
12 1869
12 2119
12 2168
12 2170
12 2172
12 2182
12 2187
12 2188
12 2189
12 2190
12 2193
12 2195
12 2199
12 2200
12 2206
12 2212
12 2223
12 2331
12 2352
12 2366
12 2367
12 2370
12 2371
12 2372
12 2373
12 2375
12 2376
12 2388
12 2391
12 2398
12 2628
12 2629
12 2631
12 2656
12 2694
12 2699
12 2718
12 2737
12 2762
12 2768
12 2805
12 2811
12 2819
12 2829
12 2831
12 2857
12 2927
12 2961
12 2977
12 3077
12 3189
12 3190
12 3192
12 3195
12 3196
12 3199
12 3201
12 3202
12 3206
12 3209
12 3211
12 3213
12 3220
12 3221
12 3223
12 3225
12 3226
12 3287
12 3312
12 3313
12 3315
12 3316
12 3317
12 3318
12 3319
12 3321
12 3324
12 3329
12 3339
12 3349
12 3355
12 3366
12 3370
12 3399
12 3402
12 4890
12 4909
12 4914
12 4915
12 4925
12 4931
12 4940
12 4941
12 4962
12 4975
12 4978
12 4989
12 5224
12 5413
12 5414
12 5417
12 5419
12 5422
12 5424
12 5434
12 5442
12 5699
12 5967
12 5969
12 5970
12 5971
12 5972
12 5973
12 5974
12 5975
12 5977
12 5978
12 5979
12 5980
12 5985
12 5986
12 5987
12 5989
12 6006
12 6012
12 6031
12 6042
12 6043
12 6044
12 6049
12 6056
12 6058
12 6070
12 6071
12 6145
12 6162
12 6184
12 6190
12 6193
12 6206
12 6209
12 6221
12 6223
12 6337
12 6339
12 6340
12 6343
12 6344
12 6346
12 6347
12 6354
12 6360
12 6367
12 6368
12 6372
12 6373
12 6375
12 6385
12 6391
12 6394
12 6395
12 6397
12 6400
12 6404
12 6406
12 6412
12 6430
12 6434
12 6435
12 6437
12 6443
12 6446
12 6467
12 6471
12 6475
12 6478
12 6479
12 6480
12 6481
12 6482
12 6483
12 6484
12 6497
12 6502
12 6504
12 6506
12 6509
12 6534
12 6675
12 6681
12 6693
12 6696
12 6800
12 6802
12 6803
12 6804
12 6825
12 6828
12 6907
12 6908
12 6909
12 6910
12 6911
12 6912
12 4219
12 6941
12 6945
12 6957
12 6975
12 6982
12 7222
12 7300
12 7328
12 7505
12 7506
12 7507
12 7509
12 7510
12 7511
12 7513
12 7543
12 8006
12 8072
12 8098
12 8200
12 8201
12 8205
12 8210
12 8271
12 8275
12 8278
12 8281
12 8283
12 8285
12 8302
12 8304
12 8321
12 8325
12 8328
12 8344
12 8346
12 8351
12 8352
12 8413
12 8414
12 8416
12 8417
12 8418
12 8420
12 8438
12 8439
12 8440
12 8441
12 8442
12 8447
12 8448
12 8451
12 8453
12 8456
12 8459
12 8460
12 8461
12 8464
12 8468
12 8480
12 8503
12 855
12 8536
12 8539
12 8551
12 8552
12 8554
12 8555
12 8556
12 8558
14 15
14 1912
14 1919
14 2006
14 5193
14 6706
14 6882
14 8183
23 24
23 120
23 127
23 315
23 336
23 349
23 475
23 536
23 552
23 581
23 595
23 596
23 750
23 765
23 776
23 827
23 884
23 904
23 924
23 930
23 931
23 932
23 933
23 934
23 936
23 937
23 938
23 939
23 940
23 941
23 942
23 943
23 944
23 945
23 946
23 947
23 948
23 949
23 950
23 951
23 952
23 953
23 954
23 955
23 956
23 957
23 958
23 959
23 960
23 961
23 962
23 963
23 964
23 965
23 966
23 967
23 968
23 969
23 970
23 971
23 972
23 973
23 974
23 975
23 767
23 977
23 978
23 979
23 980
23 981
23 982
23 983
23 985
23 986
23 987
23 988
23 989
23 990
23 991
23 992
23 993
23 994
23 995
23 996
23 997
23 998
23 999
23 1000
23 1001
23 1002
23 1004
23 1005
23 1006
23 1007
23 1008
23 1009
23 1010
23 1011
23 1012
23 1013
23 1014
23 1015
23 1016
23 1019
23 1020
23 1021
23 1023
23 1024
23 1025
23 1026
23 1027
23 1028
23 1029
23 1030
23 1031
23 314
23 1032
23 1033
23 1034
23 1035
23 1036
23 1037
23 1039
23 1040
23 1041
23 1042
23 1043
23 1044
23 1046
23 1048
23 1049
23 1051
23 1052
23 1055
23 1056
23 1058
23 1061
23 1063
23 1065
23 1066
23 1068
23 1074
23 1076
23 1077
23 1079
23 1081
23 1082
23 1084
23 1086
23 1087
23 1088
23 1089
23 1094
23 1095
23 1096
23 1102
23 1103
23 1104
23 1106
23 1107
23 1108
23 1112
23 1115
23 1116
23 1118
23 1127
23 1128
23 1132
23 1165
23 1204
23 1229
23 1242
23 1305
23 1337
23 1368
23 1374
23 1378
23 1384
23 1407
23 1436
23 1461
23 1476
23 1477
23 1478
23 1479
23 1480
23 1481
23 1483
23 1484
23 1485
23 1486
23 1487
23 1488
23 1489
23 1490
23 1491
23 1492
23 1493
23 1494
23 1495
23 1496
23 1497
23 1498
23 1499
23 1500
23 1501
23 1502
23 1503
23 1504
23 1505
23 1507
23 1509
23 1510
23 1511
23 1512
23 1513
23 1514
23 1515
23 1516
23 1517
23 1518
23 1519
23 1520
23 1521
23 1522
23 1523
23 1524
23 1525
23 1526
23 1527
23 1528
23 1529
23 1530
23 1531
23 1532
23 1533
23 1534
23 1535
23 1536
23 1537
23 1538
23 1539
23 1540
23 1541
23 1542
23 1543
23 1544
23 1545
23 1546
23 1548
23 1549
23 1550
23 1551
23 1552
23 1553
23 1554
23 1555
23 1556
23 1557
23 1558
23 1559
23 1560
23 1561
23 1562
23 1563
23 1564
23 1565
23 1566
23 1567
23 1568
23 1569
23 1570
23 1572
23 1573
23 1574
23 1575
23 1576
23 1577
23 1578
23 1579
23 1580
23 1581
23 1582
23 1583
23 1584
23 1586
23 1587
23 1588
23 1591
23 1592
23 1593
23 1595
23 1602
23 1608
23 1611
23 1612
23 1615
23 1618
23 1619
23 1643
23 1644
23 1667
23 1681
23 1682
23 1683
23 1684
23 1685
23 1686
23 1694
23 1705
23 1706
23 1711
23 1717
23 1725
23 1733
23 1736
23 1748
23 1749
23 1750
23 1768
23 1774
23 1775
23 1792
23 1794
23 1796
23 1797
23 1804
23 1807
23 1809
23 1810
23 1811
23 1812
23 1814
23 1818
23 1819
23 1820
23 1825
23 1826
23 1828
23 1829
23 1830
23 1833
23 1836
23 1838
23 1839
23 1841
23 1842
23 1843
23 1844
23 1846
23 1848
23 1849
23 1850
23 1854
23 1863
23 1864
23 1865
23 1867
23 1870
23 1880
23 1885
23 1892
23 1893
23 1903
23 1906
23 1908
23 1916
23 1917
23 1920
23 1922
23 1923
23 1925
23 1932
23 1933
23 2107
23 2127
23 2149
23 2152
23 2211
23 2213
23 2234
23 2236
23 2249
23 2257
23 2259
23 2314
23 2320
23 2348
23 2350
23 2392
23 2406
23 2408
23 2529
23 2549
23 2971
23 3043
23 3131
23 3152
23 3215
23 3283
23 3298
23 3334
23 3807
23 4558
23 4608
23 4671
23 4944
23 5005
23 5060
23 5077
23 5084
23 5307
23 5568
23 5569
23 5623
23 5731
23 5831
23 5832
23 5833
23 5834
23 5835
23 5836
23 5837
23 5838
23 5839
23 5840
23 5841
23 5842
23 5843
23 5844
23 5845
23 5846
23 5847
23 5848
23 5849
23 5850
23 5851
23 5852
23 5853
23 5854
23 5855
23 5856
23 5857
23 5858
23 5859
23 5860
23 5861
23 5862
23 5863
23 5864
23 5865
23 5866
23 5867
23 5869
23 5870
23 5871
23 5872
23 5873
23 5874
23 5875
23 5876
23 5877
23 5878
23 5879
23 5880
23 5881
23 5882
23 5883
23 5884
23 5885
23 5886
23 5887
23 5888
23 5889
23 5890
23 5891
23 5892
23 5893
23 5895
23 5896
23 5897
23 5898
23 5899
23 5900
23 5901
23 5902
23 5903
23 5904
23 5905
23 5906
23 5907
23 5909
23 5912
23 5915
23 5916
23 5917
23 5918
23 5919
23 5920
23 5921
23 5922
23 5924
23 5925
23 5926
23 5929
23 5930
23 5931
23 5932
23 5933
23 5934
23 5935
23 5936
23 5937
23 5938
23 5939
23 4522
23 5940
23 5942
23 5944
23 5946
23 5948
23 5949
23 5952
23 5953
23 5954
23 5956
23 5957
23 5958
23 5960
23 5964
23 5968
23 5976
23 5981
23 5992
23 5993
23 5999
23 6000
23 6016
23 6059
23 23
23 6076
23 6077
23 6078
23 6079
23 6080
23 6081
23 6082
23 6083
23 6084
23 6085
23 6086
23 6087
23 6088
23 6089
23 6090
23 6091
23 6092
23 6094
23 6095
23 6096
23 6097
23 6098
23 6099
23 6100
23 6101
23 6102
23 6103
23 6104
23 6105
23 6106
23 6107
23 6108
23 6109
23 6110
23 6111
23 6112
23 6113
23 6114
23 6115
23 6116
23 6117
23 6118
23 6119
23 6120
23 6121
23 6122
23 6123
23 6124
23 6125
23 6126
23 6127
23 6128
23 6129
23 6130
23 6131
23 6132
23 6133
23 6134
23 6135
23 6136
23 6137
23 6138
23 6139
23 6141
23 6142
23 6143
23 6144
23 6146
23 6148
23 6149
23 6150
23 6152
23 6154
23 6156
23 6157
23 6159
23 6160
23 6164
23 6165
23 6166
23 6168
23 6169
23 6170
23 6172
23 6173
23 6174
23 6175
23 6176
23 6177
23 6178
23 6179
23 6181
23 6182
23 6185
23 6188
23 6191
23 6194
23 6196
23 6197
23 6198
23 6199
23 6203
23 6205
23 6213
23 6216
23 6218
23 6219
23 6229
23 6263
23 6334
23 6341
23 6371
23 6390
23 6392
23 6393
23 6396
23 6399
23 6401
23 6424
23 6433
23 6474
23 6413
23 6489
23 6490
23 6491
23 6493
23 6494
23 6499
23 6533
23 6536
23 6538
23 6539
23 6808
23 6906
23 6915
23 6954
23 6955
23 6956
23 6967
23 7288
23 7292
23 7296
23 7322
23 7489
23 7493
23 7646
23 7687
23 7740
23 8032
23 8046
23 8130
23 8136
23 8412
23 8425
23 8545
37 38
37 624
37 807
37 888
37 889
37 1401
37 1877
37 2399
37 2551
37 2552
37 2553
37 2554
37 2555
37 2556
37 2557
37 2558
37 2559
37 2560
37 2561
37 2562
37 2563
37 2564
37 2565
37 2566
37 2567
37 2568
37 2569
37 2570
37 2571
37 2572
37 2573
37 2574
37 2575
37 2576
37 2577
37 2578
37 2579
37 2580
37 2581
37 2582
37 2583
37 2584
37 2585
37 2586
37 2587
37 2588
37 2589
37 2590
37 2591
37 2592
37 2593
37 2594
37 2595
37 2596
37 2597
37 2598
37 2599
37 2600
37 2601
37 2602
37 2603
37 2604
37 2605
37 2606
37 2607
37 2608
37 2609
37 2610
37 2611
37 2612
37 2613
37 2614
37 2615
37 2616
37 2617
37 2618
37 2619
37 2620
37 2621
37 2622
37 2623
37 2624
37 2625
37 2626
37 2627
37 2630
37 2632
37 2633
37 2634
37 2635
37 2636
37 2637
37 2638
37 2639
37 2640
37 2641
37 2642
37 2643
37 2644
37 2645
37 2646
37 2647
37 2648
37 2649
37 2650
37 2651
37 2652
37 2653
37 2654
37 2655
37 2657
37 2658
37 2659
37 2660
37 2661
37 2662
37 2663
37 2664
37 2665
37 2666
37 2667
37 2668
37 2669
37 2670
37 2671
37 2672
37 2673
37 2674
37 2675
37 2676
37 2677
37 2678
37 2679
37 2680
37 2681
37 2682
37 2683
37 2684
37 2685
37 2686
37 2687
37 2688
37 2689
37 2690
37 2691
37 2692
37 2693
37 2695
37 2696
37 2697
37 2698
37 2700
37 2701
37 2702
37 2703
37 2704
37 2705
37 2706
37 2707
37 2708
37 2710
37 2711
37 2712
37 2713
37 2714
37 2715
37 2716
37 2717
37 2719
37 2720
37 2721
37 2722
37 2723
37 2724
37 2725
37 2726
37 2727
37 2728
37 2729
37 2730
37 2731
37 2732
37 2733
37 2734
37 2735
37 2736
37 2738
37 2739
37 2740
37 2741
37 2742
37 2743
37 2744
37 2745
37 2746
37 2747
37 2748
37 2749
37 2751
37 2752
37 2753
37 2754
37 2755
37 2756
37 2757
37 2758
37 2759
37 2760
37 2761
37 2763
37 2764
37 2765
37 2766
37 2767
37 584
37 2769
37 2770
37 2771
37 2772
37 2773
37 2774
37 2775
37 2776
37 2777
37 2778
37 2779
37 2780
37 2781
37 2782
37 2783
37 2785
37 2786
37 2787
37 2788
37 2789
37 2790
37 2791
37 2793
37 2794
37 2795
37 2796
37 2797
37 2798
37 2799
37 2800
37 2801
37 2802
37 2803
37 2804
37 2806
37 2807
37 2809
37 2810
37 2812
37 2813
37 2814
37 2815
37 2816
37 2817
37 2818
37 2820
37 2821
37 2822
37 2823
37 2824
37 2825
37 2826
37 2827
37 2828
37 2832
37 2833
37 2835
37 2836
37 2837
37 2838
37 2839
37 2840
37 2841
37 2842
37 2843
37 2844
37 2845
37 2846
37 2847
37 2848
37 2849
37 2850
37 2851
37 2852
37 2853
37 2854
37 2855
37 2856
37 2858
37 2859
37 2860
37 2861
37 2862
37 2863
37 2864
37 2865
37 2866
37 2867
37 2868
37 2869
37 2870
37 2872
37 2873
37 2874
37 2875
37 2876
37 2877
37 2878
37 2879
37 2880
37 2881
37 2882
37 2883
37 2884
37 2885
37 2886
37 2887
37 2888
37 2889
37 2890
37 2891
37 2892
37 2893
37 2894
37 2895
37 2896
37 2897
37 2898
37 2899
37 2900
37 2901
37 2902
37 2903
37 2904
37 2905
37 2906
37 2908
37 2909
37 2910
37 2912
37 2913
37 2914
37 2915
37 2917
37 2918
37 2919
37 2920
37 2921
37 2923
37 2924
37 2929
37 2931
37 2932
37 2933
37 2934
37 2935
37 2936
37 2937
37 2938
37 2939
37 2940
37 2941
37 2942
37 2946
37 2948
37 2949
37 2951
37 2952
37 2954
37 2955
37 2956
37 2957
37 2958
37 2959
37 2960
37 2962
37 2963
37 2964
37 2965
37 2968
37 2969
37 2970
37 2972
37 2973
37 2975
37 2976
37 2980
37 2981
37 2982
37 2983
37 2984
37 2985
37 2986
37 2987
37 2988
37 2989
37 2990
37 2991
37 2992
37 2993
37 2994
37 2995
37 2996
37 2997
37 2998
37 2999
37 3000
37 3001
37 3002
37 3003
37 3004
37 3005
37 3006
37 3007
37 3008
37 3009
37 3010
37 3011
37 3012
37 3013
37 3014
37 3015
37 3016
37 3017
37 3018
37 3019
37 3020
37 3021
37 3022
37 3023
37 3024
37 3025
37 3026
37 3027
37 3028
37 3029
37 3030
37 3031
37 3033
37 3034
37 3036
37 3037
37 3038
37 3039
37 3040
37 3041
37 3042
37 3044
37 3045
37 3046
37 3047
37 3048
37 3049
37 3050
37 3051
37 3052
37 3053
37 3054
37 3055
37 3056
37 3057
37 3058
37 3059
37 3060
37 3061
37 3062
37 3063
37 3064
37 3065
37 3066
37 3067
37 3068
37 3069
37 3070
37 3072
37 3073
37 3074
37 3075
37 3076
37 3078
37 3079
37 3080
37 3081
37 3082
37 3083
37 3084
37 3085
37 3086
37 3087
37 3089
37 3090
37 3091
37 3092
37 3093
37 3094
37 3095
37 3096
37 3097
37 3098
37 3100
37 3101
37 3102
37 3105
37 3110
37 3112
37 3113
37 3116
37 3119
37 3120
37 3123
37 3124
37 3132
37 3133
37 3137
37 3139
37 3141
37 3151
37 3154
37 3157
37 3170
37 3207
37 3216
37 3217
37 3224
37 3300
37 3322
37 3356
37 3390
37 4045
37 4295
37 4703
37 4747
37 4798
37 4847
37 4898
37 5013
37 5941
37 6283
37 6964
37 8194
42 43
42 61
42 98
42 107
42 123
42 147
42 148
42 154
42 155
42 156
42 157
42 158
42 159
42 160
42 161
42 162
42 163
42 164
42 166
42 167
42 168
42 169
42 170
42 172
42 173
42 175
42 176
42 177
42 178
42 179
42 180
42 181
42 182
42 183
42 184
42 185
42 186
42 187
42 188
42 189
42 190
42 191
42 192
42 193
42 194
42 195
42 196
42 197
42 198
42 199
42 200
42 201
42 202
42 203
42 204
42 205
42 206
42 207
42 208
42 209
42 210
42 213
42 214
42 215
42 217
42 219
42 220
42 221
42 222
42 223
42 224
42 225
42 226
42 227
42 228
42 229
42 231
42 233
42 235
42 236
42 237
42 238
42 243
42 244
42 246
42 247
42 248
42 249
42 252
42 253
42 254
42 256
42 257
42 258
42 259
42 261
42 262
42 263
42 267
42 268
42 269
42 270
42 272
42 273
42 274
42 280
42 282
42 285
42 288
42 289
42 308
42 309
42 311
42 316
42 325
42 354
42 356
42 357
42 358
42 359
42 360
42 361
42 362
42 363
42 364
42 365
42 366
42 367
42 368
42 369
42 371
42 372
42 373
42 375
42 377
42 378
42 379
42 380
42 382
42 383
42 384
42 387
42 388
42 389
42 390
42 391
42 395
42 396
42 397
42 398
42 399
42 400
42 401
42 402
42 403
42 404
42 405
42 406
42 407
42 409
42 411
42 412
42 414
42 416
42 417
42 418
42 419
42 421
42 423
42 424
42 425
42 426
42 429
42 430
42 431
42 432
42 433
42 434
42 435
42 436
42 437
42 438
42 439
42 440
42 447
42 448
42 449
42 450
42 451
42 454
42 455
42 456
42 458
42 459
42 460
42 462
42 463
42 471
42 472
42 473
42 474
42 476
42 479
42 482
42 483
42 484
42 485
42 490
42 495
42 496
42 497
42 498
42 499
42 500
42 502
42 504
42 505
42 507
42 511
42 513
42 515
42 517
42 518
42 519
42 522
42 525
42 526
42 527
42 528
42 529
42 530
42 531
42 532
42 535
42 543
42 544
42 545
42 547
42 549
42 550
42 553
42 554
42 555
42 557
42 560
42 562
42 570
42 574
42 579
42 580
42 582
42 583
42 585
42 586
42 587
42 588
42 589
42 591
42 593
42 597
42 599
42 600
42 602
42 604
42 605
42 606
42 607
42 608
42 609
42 610
42 612
42 613
42 614
42 616
42 618
42 619
42 620
42 819
42 830
42 845
42 850
42 864
42 876
42 877
42 878
42 879
42 887
42 893
42 895
42 919
42 921
42 923
42 935
42 1038
42 1078
42 1092
42 1098
42 1121
42 1203
42 1210
42 1241
42 1361
42 1362
42 1382
42 1383
42 1390
42 1411
42 1463
42 1585
42 1589
42 1805
42 1806
42 1866
42 1921
42 1974
42 2078
42 2176
42 2225
42 2233
42 2304
42 2337
42 2354
42 2365
42 2403
42 2404
42 2411
42 2449
42 2474
42 2478
42 2492
42 2494
42 2495
42 2518
42 2523
42 2524
42 2528
42 2543
42 2548
42 2871
42 2950
42 3106
42 3109
42 3130
42 3187
42 3218
42 3257
42 3277
42 3344
42 3415
42 4159
42 4277
42 4305
42 4599
42 4809
42 4927
42 4953
42 4969
42 5020
42 5031
42 5067
42 5089
42 5144
42 5228
42 5229
42 5230
42 5231
42 5232
42 5233
42 5234
42 5235
42 5236
42 5237
42 5238
42 5239
42 5240
42 5241
42 5242
42 5243
42 5244
42 5245
42 5246
42 5247
42 5248
42 5249
42 5250
42 5251
42 5252
42 5253
42 5254
42 5255
42 5257
42 5258
42 5259
42 5260
42 5261
42 5262
42 5265
42 5266
42 5268
42 5269
42 5271
42 5272
42 5276
42 5277
42 5278
42 5280
42 5281
42 5282
42 5283
42 5285
42 5286
42 5287
42 5288
42 5289
42 5290
42 5291
42 5292
42 5293
42 5295
42 5296
42 5297
42 5299
42 5300
42 5302
42 5303
42 5304
42 5308
42 5309
42 5310
42 5316
42 5317
42 5318
42 5319
42 5320
42 5323
42 5324
42 5327
42 5328
42 5329
42 5331
42 5333
42 5334
42 5336
42 5337
42 5338
42 5344
42 5347
42 5348
42 5353
42 5354
42 5356
42 5357
42 5360
42 5361
42 5362
42 5363
42 5364
42 5365
42 5366
42 5371
42 5374
42 5375
42 5376
42 5377
42 5381
42 5386
42 5390
42 5396
42 5397
42 5398
42 5404
42 5411
42 5412
42 5420
42 5421
42 5427
42 5429
42 5430
42 5435
42 5438
42 5441
42 5446
42 5448
42 5451
42 5454
42 5467
42 5468
42 5474
42 5495
42 5512
42 5549
42 5551
42 5659
42 5683
42 5721
42 5729
42 5750
42 5784
42 5786
42 5794
42 5927
42 5928
42 5943
42 5945
42 5998
42 6008
42 6011
42 6014
42 6065
42 6210
42 6307
42 6353
42 6380
42 6402
42 6429
42 6464
42 6469
42 6485
42 6496
42 6503
42 6511
42 6515
42 6541
42 6701
42 6739
42 6740
42 6754
42 6829
42 6839
42 6840
42 6841
42 6844
42 6885
42 6894
42 6895
42 6913
42 6914
42 6959
42 7192
42 7199
42 7285
42 7324
42 7482
42 7512
42 7573
42 7627
42 7694
42 7728
42 7829
42 7890
42 8002
42 8079
42 8172
42 8179
42 8185
42 8187
42 8196
42 8199
42 8219
42 8228
42 8230
42 8264
42 8270
42 8291
42 8305
42 8309
42 8316
42 8353
42 8361
42 8363
42 8365
42 8373
42 8376
42 8377
42 8379
42 8389
42 8426
42 8428
42 8430
42 8432
42 8433
42 8434
42 8449
42 8466
42 8478
42 8496
42 8515
42 8544
45 46
45 584
45 909
45 927
45 1045
45 1100
45 1357
45 1366
45 1381
45 1417
45 1446
45 6866
45 6868
45 6869
45 6870
45 6871
45 6872
45 6873
45 6874
45 6875
45 6876
45 6881
45 6886
45 6887
45 6891
45 6899
45 8045
45 8047
45 8243
50 51
51 52
51 94
51 106
51 116
51 133
51 266
51 320
51 410
51 453
51 538
51 598
51 645
51 753
51 882
51 890
51 898
51 913
51 914
51 1099
51 1105
51 1117
51 1141
51 1186
51 1257
51 1259
51 1260
51 1261
51 1262
51 1263
51 1264
51 1265
51 1266
51 1267
51 1269
51 1270
51 1272
51 1273
51 1274
51 1275
51 1276
51 1277
51 1278
51 1279
51 1280
51 1281
51 1282
51 1283
51 1284
51 1285
51 1286
51 1287
51 1288
51 1289
51 1290
51 1291
51 1292
51 1293
51 1295
51 1296
51 1300
51 1301
51 1302
51 1303
51 1304
51 1306
51 1307
51 1308
51 1309
51 1310
51 1311
51 1312
51 1315
51 1318
51 1319
51 1320
51 1322
51 1323
51 1324
51 1325
51 1326
51 1327
51 1328
51 1329
51 1330
51 1332
51 1333
51 1334
51 1339
51 1340
51 1341
51 1342
51 1345
51 1346
51 1347
51 1349
51 1350
51 1352
51 1353
51 1354
51 1359
51 1360
51 1365
51 1372
51 1373
51 1375
51 1379
51 1387
51 1413
51 1415
51 1450
51 1613
51 1791
51 1821
51 1823
51 1835
51 1837
51 1875
51 1876
51 1884
51 1899
51 1909
51 1910
51 1957
51 1966
51 1967
51 1970
51 2013
51 2118
51 2124
51 2125
51 2178
51 92
51 2196
51 2201
51 2207
51 2218
51 2230
51 2235
51 2258
51 2269
51 2279
51 2312
51 2319
51 2386
51 2402
51 2409
51 2412
51 2508
51 2512
51 2966
51 3111
51 3128
51 3129
51 3179
51 3204
51 3290
51 3306
51 3307
51 3308
51 3310
51 3250
51 3311
51 3314
51 3325
51 3326
51 3327
51 3328
51 3330
51 3331
51 3333
51 3337
51 3354
51 3382
51 3405
51 3416
51 3417
51 3418
51 3419
51 3420
51 3421
51 3422
51 3423
51 3424
51 3425
51 3426
51 3427
51 3428
51 3429
51 3430
51 3431
51 3432
51 3433
51 3434
51 3435
51 3436
51 3437
51 3438
51 3439
51 3440
51 3441
51 3442
51 2283
51 3443
51 3444
51 3445
51 3446
51 3447
51 1959
51 3448
51 3449
51 3450
51 3451
51 3452
51 3453
51 3454
51 3455
51 3456
51 3457
51 3458
51 3459
51 3460
51 3461
51 3462
51 3463
51 3464
51 3465
51 3466
51 3467
51 3468
51 3469
51 3470
51 3471
51 3472
51 3473
51 3475
51 3476
51 3477
51 3478
51 3479
51 3480
51 3481
51 3482
51 3483
51 3484
51 3485
51 3486
51 3487
51 3488
51 3489
51 3490
51 3491
51 3492
51 3494
51 3495
51 3496
51 3497
51 3498
51 3499
51 3500
51 3501
51 3502
51 3503
51 3504
51 3505
51 3506
51 3507
51 3508
51 3509
51 3510
51 658
51 3511
51 3512
51 3514
51 3515
51 3516
51 3517
51 3518
51 3519
51 3520
51 3521
51 3522
51 3524
51 3525
51 3526
51 763
51 3527
51 3528
51 3529
51 3530
51 3531
51 3532
51 3533
51 1941
51 3534
51 3535
51 3536
51 3537
51 3538
51 3539
51 3540
51 3542
51 3543
51 3544
51 3545
51 3546
51 3547
51 3548
51 3549
51 3550
51 3551
51 3552
51 3553
51 3554
51 3555
51 3556
51 3557
51 3558
51 3559
51 3560
51 3561
51 3562
51 3563
51 3564
51 3565
51 3566
51 3567
51 3568
51 3569
51 3570
51 3571
51 3572
51 3573
51 1795
51 3574
51 3575
51 3576
51 3577
51 3578
51 3579
51 3580
51 3581
51 3582
51 3583
51 3584
51 3585
51 3586
51 3587
51 3588
51 3589
51 3590
51 3591
51 3592
51 3593
51 3594
51 3595
51 3596
51 3597
51 3598
51 3599
51 3600
51 3601
51 3602
51 3603
51 3604
51 3605
51 3606
51 3607
51 3608
51 3609
51 3610
51 3611
51 3612
51 3613
51 3614
51 3615
51 3616
51 3617
51 3618
51 3619
51 3620
51 3621
51 3622
51 3623
51 3624
51 3625
51 3626
51 3627
51 3628
51 3629
51 3630
51 3631
51 3632
51 3633
51 3634
51 3635
51 3636
51 3637
51 3638
51 3639
51 3640
51 3641
51 3642
51 3643
51 3644
51 3645
51 3646
51 3647
51 3648
51 1691
51 3649
51 3650
51 3651
51 3652
51 3653
51 3654
51 3655
51 3656
51 3657
51 3658
51 3659
51 3660
51 3661
51 3662
51 3663
51 3664
51 3665
51 3666
51 3667
51 3668
51 3669
51 3670
51 3671
51 3672
51 3673
51 3674
51 3675
51 3676
51 3677
51 3678
51 3679
51 3680
51 3681
51 3682
51 3683
51 3684
51 3685
51 3686
51 3687
51 3688
51 3689
51 3690
51 3691
51 3692
51 3693
51 3694
51 3695
51 3696
51 3697
51 3698
51 3699
51 3700
51 3701
51 3702
51 3703
51 3704
51 3705
51 3706
51 3707
51 3708
51 3709
51 3710
51 3711
51 3712
51 3713
51 3714
51 3715
51 3716
51 3315
51 3717
51 3718
51 3719
51 3720
51 3721
51 3722
51 3723
51 3724
51 3163
51 3725
51 3726
51 3727
51 3728
51 3729
51 3730
51 3731
51 3732
51 3733
51 3734
51 3735
51 3736
51 3737
51 3738
51 3739
51 3740
51 3741
51 3742
51 3744
51 3745
51 3746
51 3747
51 3748
51 3749
51 3750
51 3751
51 3752
51 3753
51 3754
51 3755
51 3756
51 3757
51 3758
51 3759
51 3760
51 3761
51 3762
51 3763
51 3764
51 3765
51 3766
51 3767
51 3768
51 3769
51 3770
51 3771
51 3772
51 3773
51 3774
51 3775
51 3776
51 3777
51 3778
51 3779
51 3780
51 3781
51 3782
51 3783
51 3784
51 3785
51 3786
51 3787
51 3788
51 3789
51 3790
51 3791
51 3792
51 3793
51 3794
51 3795
51 3796
51 3797
51 3798
51 3799
51 3800
51 3801
51 3802
51 3803
51 3804
51 3805
51 3806
51 3808
51 3809
51 3810
51 3811
51 3812
51 3813
51 3814
51 3815
51 3816
51 3817
51 3818
51 3819
51 3820
51 3821
51 3822
51 3823
51 3824
51 3825
51 3826
51 3827
51 3828
51 3829
51 3830
51 3831
51 3832
51 3833
51 3834
51 3835
51 3836
51 3837
51 3838
51 3839
51 3840
51 3841
51 3842
51 3843
51 3844
51 3845
51 3846
51 3847
51 3848
51 3849
51 3850
51 3851
51 3852
51 3853
51 3854
51 3855
51 3856
51 3857
51 3858
51 3859
51 3860
51 3861
51 3863
51 3864
51 3865
51 3866
51 3867
51 3868
51 3869
51 3870
51 3871
51 3872
51 3873
51 930
51 3874
51 3875
51 3876
51 3877
51 3878
51 3879
51 3880
51 3881
51 3882
51 3883
51 3884
51 3885
51 3886
51 3887
51 3888
51 3889
51 3890
51 3891
51 3892
51 3893
51 3894
51 3895
51 3896
51 3897
51 3898
51 3899
51 3900
51 3901
51 3902
51 3903
51 3904
51 3541
51 3905
51 3906
51 3907
51 3908
51 3909
51 3910
51 3911
51 3912
51 3913
51 3914
51 3915
51 3916
51 3917
51 3918
51 3919
51 3920
51 3921
51 3922
51 3923
51 3924
51 3925
51 3926
51 3927
51 3928
51 3929
51 3930
51 3931
51 3932
51 3933
51 3934
51 3935
51 3936
51 3937
51 3938
51 3939
51 3940
51 3941
51 3942
51 3943
51 3944
51 3945
51 3946
51 3947
51 3948
51 3949
51 3950
51 3951
51 3952
51 2291
51 3953
51 3954
51 3955
51 3956
51 3957
51 3958
51 3959
51 3960
51 3961
51 3962
51 3964
51 3965
51 3966
51 3967
51 3968
51 3969
51 3970
51 3971
51 3972
51 3973
51 3974
51 3975
51 3976
51 3977
51 3978
51 3979
51 3980
51 3983
51 3984
51 3985
51 3987
51 3988
51 3989
51 3990
51 3992
51 3993
51 3994
51 3995
51 3996
51 3997
51 3998
51 3999
51 3286
51 4001
51 4002
51 4003
51 4004
51 4005
51 4006
51 4007
51 4008
51 4009
51 4010
51 4011
51 4012
51 4013
51 4014
51 4015
51 4016
51 4017
51 4019
51 4020
51 4021
51 4022
51 4023
51 4024
51 4025
51 4026
51 4027
51 4028
51 4030
51 4031
51 4032
51 4033
51 4034
51 4035
51 4036
51 4037
51 4038
51 4039
51 546
51 4040
51 4042
51 4043
51 4044
51 4046
51 4047
51 4048
51 4049
51 4050
51 4051
51 4052
51 4053
51 4054
51 4055
51 4056
51 4057
51 4058
51 4059
51 4060
51 4061
51 4062
51 4063
51 4064
51 4065
51 4066
51 4068
51 4069
51 4070
51 4071
51 4072
51 4073
51 4074
51 4075
51 4076
51 4077
51 4078
51 4079
51 4080
51 4081
51 4082
51 4083
51 4084
51 4085
51 4086
51 4087
51 4088
51 4089
51 4090
51 4091
51 4092
51 4093
51 4094
51 4095
51 4096
51 4097
51 4098
51 4099
51 4100
51 4101
51 4102
51 4104
51 4106
51 4107
51 4108
51 4109
51 4110
51 4111
51 4112
51 4113
51 4114
51 4115
51 4117
51 4119
51 4121
51 4122
51 4123
51 4124
51 4125
51 4126
51 4127
51 4128
51 4129
51 4131
51 4132
51 4134
51 4135
51 4137
51 4138
51 4140
51 4141
51 4142
51 4143
51 4144
51 4145
51 4146
51 4147
51 4148
51 4149
51 4150
51 4151
51 4152
51 4153
51 4154
51 4155
51 4156
51 4157
51 4158
51 4160
51 4161
51 4162
51 4163
51 4164
51 4165
51 4166
51 4167
51 4168
51 4169
51 4170
51 4171
51 4172
51 4173
51 4174
51 4175
51 4176
51 4177
51 4178
51 4179
51 4180
51 4182
51 4183
51 4186
51 4187
51 4188
51 4189
51 4190
51 4191
51 4192
51 4193
51 4195
51 4196
51 4197
51 4198
51 4199
51 4200
51 4201
51 4202
51 4203
51 4204
51 4205
51 4206
51 4207
51 4208
51 4209
51 4210
51 4211
51 4213
51 4214
51 4215
51 4216
51 4217
51 4218
51 4220
51 4221
51 4222
51 4223
51 4224
51 4225
51 4226
51 4227
51 4228
51 4229
51 4230
51 4231
51 4233
51 4234
51 4235
51 4236
51 4237
51 4238
51 4239
51 4240
51 4241
51 4242
51 4243
51 4244
51 4245
51 4246
51 4247
51 4248
51 4249
51 4250
51 4251
51 4252
51 4253
51 4254
51 4255
51 4256
51 4257
51 4258
51 4259
51 4261
51 4262
51 4263
51 4264
51 4265
51 4266
51 4267
51 4268
51 4269
51 4270
51 4271
51 4272
51 4273
51 4274
51 4275
51 4276
51 4278
51 4279
51 4280
51 3305
51 4281
51 4282
51 4283
51 4284
51 4285
51 4286
51 4287
51 4289
51 4290
51 4291
51 4292
51 4293
51 4294
51 4296
51 4298
51 4300
51 4301
51 4302
51 4303
51 4304
51 4306
51 4307
51 4308
51 4309
51 4310
51 4312
51 4313
51 4314
51 4315
51 4316
51 4317
51 4318
51 4319
51 4320
51 4321
51 4322
51 4323
51 4324
51 4325
51 4326
51 4327
51 4328
51 4329
51 4330
51 4331
51 4332
51 4333
51 4334
51 4335
51 4336
51 4337
51 4338
51 4339
51 4340
51 4341
51 4342
51 4343
51 4346
51 4347
51 4348
51 4349
51 4350
51 4351
51 4352
51 4353
51 4354
51 4355
51 4356
51 4357
51 4358
51 4359
51 4360
51 4361
51 4362
51 4363
51 4364
51 4365
51 4366
51 4367
51 4368
51 4369
51 4370
51 4371
51 4372
51 4373
51 4374
51 4375
51 4376
51 4377
51 4378
51 4379
51 4380
51 4381
51 4382
51 4383
51 4384
51 4385
51 4386
51 4387
51 4388
51 4389
51 4390
51 4391
51 4392
51 4393
51 4395
51 4396
51 4397
51 4398
51 4399
51 4400
51 4401
51 4402
51 4403
51 4404
51 4405
51 4406
51 4407
51 4408
51 4409
51 4410
51 4411
51 4412
51 4413
51 4414
51 4415
51 4416
51 4417
51 4418
51 4419
51 4420
51 4421
51 4422
51 4423
51 4424
51 4425
51 4426
51 4427
51 4428
51 4429
51 4430
51 4431
51 4432
51 4434
51 4435
51 4436
51 4437
51 4438
51 4439
51 4440
51 4441
51 4442
51 4443
51 4444
51 4445
51 4446
51 4447
51 4448
51 4449
51 4450
51 4451
51 4452
51 4453
51 4454
51 4455
51 4456
51 4457
51 4458
51 4459
51 4460
51 4461
51 4462
51 4463
51 4464
51 4465
51 4466
51 4467
51 4468
51 4469
51 4470
51 4471
51 4472
51 4473
51 4474
51 4475
51 4476
51 4477
51 4478
51 4479
51 4480
51 4481
51 4482
51 4483
51 4484
51 4485
51 4486
51 4487
51 4488
51 4489
51 4490
51 4491
51 4492
51 4494
51 4495
51 4496
51 4497
51 4498
51 4499
51 4500
51 4501
51 4502
51 4503
51 4504
51 4506
51 4508
51 4509
51 4510
51 4511
51 4512
51 4513
51 4514
51 4515
51 4516
51 4518
51 4519
51 4520
51 4521
51 4522
51 4523
51 4524
51 4526
51 4527
51 4528
51 4529
51 4530
51 4531
51 4532
51 4533
51 4534
51 4535
51 4536
51 4537
51 4538
51 4539
51 4540
51 4541
51 4542
51 4543
51 4544
51 4545
51 4546
51 4547
51 4548
51 4549
51 4550
51 4551
51 4552
51 4553
51 4554
51 4555
51 4556
51 4557
51 4559
51 4560
51 4561
51 4562
51 4563
51 4564
51 4565
51 4566
51 4567
51 4568
51 4569
51 4570
51 4571
51 4572
51 4573
51 4574
51 4575
51 4576
51 4577
51 4578
51 4579
51 4580
51 4581
51 4582
51 4583
51 4584
51 4585
51 4586
51 4587
51 4588
51 4589
51 4590
51 4591
51 4592
51 4593
51 4594
51 4595
51 4596
51 4597
51 4598
51 4600
51 4601
51 4602
51 4603
51 4604
51 4605
51 4606
51 4607
51 4609
51 4610
51 4611
51 4612
51 4613
51 4614
51 4615
51 4616
51 4617
51 4618
51 4619
51 4620
51 4621
51 4622
51 4623
51 4624
51 4625
51 4626
51 4627
51 4628
51 4629
51 4630
51 4631
51 4632
51 4633
51 4634
51 4635
51 4636
51 4638
51 4639
51 4640
51 4641
51 4642
51 4643
51 4645
51 4647
51 4648
51 4649
51 4650
51 4651
51 4653
51 4654
51 4655
51 4656
51 4657
51 4658
51 4660
51 4661
51 4662
51 4663
51 4664
51 4665
51 4667
51 4669
51 4672
51 4673
51 4674
51 4675
51 4676
51 4677
51 4678
51 4679
51 4680
51 4681
51 4682
51 4683
51 4684
51 4685
51 4686
51 4688
51 4689
51 4690
51 4691
51 4692
51 4693
51 4694
51 4695
51 4697
51 4698
51 4699
51 4700
51 4701
51 4702
51 4704
51 4705
51 4706
51 4708
51 4709
51 4710
51 4715
51 4717
51 4718
51 4721
51 4724
51 4726
51 4728
51 4730
51 4731
51 4735
51 4737
51 4739
51 4742
51 4743
51 4744
51 4745
51 4746
51 4748
51 4749
51 4750
51 4752
51 4753
51 4754
51 4755
51 4757
51 4758
51 4759
51 4760
51 4761
51 4762
51 4764
51 4765
51 4766
51 4768
51 4770
51 4771
51 4772
51 4774
51 4777
51 4778
51 4783
51 4784
51 4786
51 4787
51 4788
51 4790
51 4791
51 4792
51 4793
51 4794
51 4795
51 4797
51 4800
51 4801
51 4803
51 4805
51 4806
51 4807
51 4808
51 4810
51 4811
51 4813
51 4816
51 4818
51 4819
51 4820
51 4821
51 4822
51 4823
51 4824
51 4825
51 4826
51 4827
51 4828
51 4829
51 4830
51 4831
51 4833
51 4834
51 4836
51 4837
51 4838
51 4840
51 4841
51 4845
51 4848
51 4851
51 4854
51 4856
51 4857
51 4858
51 4859
51 4860
51 4861
51 4862
51 4863
51 4864
51 4865
51 4866
51 4868
51 4870
51 4873
51 4874
51 4880
51 4881
51 4883
51 4884
51 4885
51 4886
51 4887
51 4888
51 4889
51 4891
51 4895
51 4899
51 4901
51 4902
51 4904
51 4905
51 4906
51 4907
51 4910
51 4911
51 4912
51 4913
51 4916
51 4918
51 4919
51 4920
51 4921
51 4922
51 4923
51 4924
51 4928
51 4932
51 4933
51 4934
51 4935
51 4938
51 4939
51 4943
51 4945
51 4948
51 4949
51 4950
51 4951
51 4952
51 4955
51 4957
51 4958
51 4959
51 4961
51 4964
51 4967
51 4968
51 4970
51 4971
51 4974
51 4988
51 5000
51 5001
51 5003
51 5004
51 5007
51 5010
51 5012
51 5014
51 5015
51 5017
51 5019
51 5025
51 5028
51 5029
51 5036
51 5087
51 5120
51 5132
51 5145
51 5172
51 5186
51 5188
51 5191
51 5192
51 5194
51 5210
51 5214
51 5227
51 5256
51 5263
51 5264
51 5267
51 5270
51 5370
51 5373
51 5383
51 5393
51 5403
51 5436
51 5455
51 5457
51 5458
51 5459
51 5460
51 5461
51 5462
51 5463
51 5464
51 5465
51 5469
51 5470
51 87
51 5471
51 5473
51 5475
51 5478
51 5480
51 5481
51 5482
51 5483
51 5484
51 5485
51 5486
51 5487
51 5488
51 5489
51 5490
51 5491
51 5492
51 5493
51 5494
51 5496
51 5497
51 5498
51 5499
51 5500
51 5501
51 5502
51 5503
51 5504
51 5505
51 5506
51 5507
51 5508
51 5509
51 5511
51 5513
51 5514
51 5516
51 5518
51 5519
51 5521
51 5522
51 5523
51 5524
51 5525
51 5526
51 5528
51 5529
51 5530
51 5531
51 5532
51 5535
51 5537
51 5538
51 5539
51 5542
51 5543
51 5544
51 5545
51 5546
51 5547
51 5548
51 5550
51 5552
51 5554
51 5555
51 5557
51 5558
51 5559
51 5560
51 5561
51 5563
51 5564
51 5567
51 5571
51 5572
51 5573
51 5575
51 5577
51 5579
51 5581
51 5582
51 5587
51 5588
51 5589
51 5592
51 5593
51 5594
51 5595
51 5596
51 5597
51 5598
51 5601
51 5603
51 5604
51 5605
51 5606
51 5607
51 5609
51 5610
51 5611
51 5612
51 5613
51 5617
51 5618
51 5619
51 5620
51 5621
51 5622
51 5624
51 5626
51 5627
51 5632
51 5633
51 5635
51 5637
51 5639
51 5640
51 5641
51 5642
51 5643
51 5644
51 5647
51 5664
51 5665
51 5667
51 5668
51 5679
51 5686
51 5687
51 5696
51 5735
51 5737
51 5744
51 5747
51 5767
51 5768
51 5771
51 5773
51 5777
51 5779
51 5780
51 5829
51 5868
51 5963
51 5984
51 6005
51 6015
51 6018
51 6019
51 6020
51 6021
51 6022
51 6023
51 6024
51 6025
51 6027
51 6028
51 6029
51 6034
51 6035
51 6036
51 6037
51 6038
51 6039
51 6040
51 6041
51 6046
51 6047
51 6048
51 6050
51 6052
51 6053
51 6054
51 6055
51 6057
51 6060
51 6061
51 6063
51 6064
51 6068
51 6072
51 6147
51 6151
51 6158
51 6163
51 6186
51 6192
51 6202
51 6228
51 6230
51 6231
51 6232
51 6233
51 6234
51 6235
51 6236
51 6237
51 6238
51 6239
51 6240
51 6241
51 6242
51 6243
51 6244
51 6246
51 6247
51 6248
51 6249
51 6250
51 6251
51 6252
51 6253
51 6254
51 6255
51 6256
51 6257
51 6258
51 6259
51 6260
51 6261
51 6264
51 6265
51 6266
51 6267
51 6269
51 6270
51 6272
51 6282
51 6284
51 6289
51 6290
51 6294
51 6295
51 6302
51 6303
51 6306
51 6317
51 6325
51 6330
51 6331
51 6369
51 6379
51 6398
51 6416
51 6422
51 6465
51 6476
51 6487
51 6507
51 6510
51 6546
51 6571
51 6715
51 6731
51 6785
51 6897
51 6904
51 6905
51 6969
51 6970
51 6971
51 6972
51 6973
51 6977
51 6979
51 6980
51 6983
51 6984
51 6985
51 6986
51 6987
51 6988
51 6989
51 6990
51 6991
51 6992
51 6993
51 6994
51 6995
51 6996
51 6997
51 6998
51 6999
51 7000
51 7001
51 7002
51 7003
51 7004
51 7005
51 7006
51 7007
51 7008
51 7009
51 7010
51 7012
51 7013
51 7014
51 7015
51 7016
51 7017
51 7018
51 7019
51 7020
51 7021
51 7023
51 7024
51 7026
51 7027
51 7028
51 7030
51 7031
51 7032
51 7033
51 7034
51 7035
51 3088
51 7036
51 7038
51 7041
51 7042
51 7043
51 7044
51 7045
51 7046
51 7047
51 7048
51 7049
51 7051
51 7060
51 7107
51 7115
51 7122
51 7143
51 7150
51 7159
51 7189
51 7195
51 7237
51 7261
51 7269
51 7279
51 7291
51 7295
51 7299
51 7305
51 7308
51 7309
51 7311
51 7312
51 7313
51 7315
51 7316
51 7317
51 7319
51 7320
51 7323
51 7332
51 7338
51 7339
51 7408
51 7439
51 7440
51 7441
51 7442
51 7444
51 7445
51 7446
51 7448
51 7449
51 7450
51 7451
51 7454
51 7455
51 7456
51 7458
51 7462
51 7465
51 7467
51 7469
51 7471
51 7472
51 7475
51 7477
51 7478
51 7479
51 7480
51 7483
51 7497
51 7504
51 7516
51 7517
51 7548
51 7587
51 7590
51 7602
51 7644
51 7648
51 7649
51 7651
51 7652
51 7656
51 7657
51 7658
51 7659
51 6610
51 7660
51 7663
51 7664
51 7667
51 7668
51 7670
51 7671
51 7674
51 7676
51 7678
51 7679
51 7680
51 7681
51 7682
51 7684
51 7685
51 7686
51 7689
51 7690
51 7691
51 7693
51 7697
51 7698
51 7699
51 7700
51 7702
51 7703
51 7704
51 7705
51 7710
51 7714
51 7720
51 7722
51 7724
51 7725
51 7726
51 7727
51 7731
51 7733
51 7736
51 7737
51 7739
51 7741
51 7748
51 7749
51 7751
51 7752
51 7753
51 7754
51 7755
51 7756
51 7757
51 7758
51 7759
51 7760
51 7761
51 7762
51 7763
51 7764
51 7765
51 7766
51 7767
51 7768
51 7770
51 7771
51 7772
51 7773
51 7774
51 7775
51 7776
51 7779
51 7780
51 7782
51 7784
51 7785
51 1185
51 7786
51 7788
51 7789
51 7790
51 7791
51 7793
51 7797
51 7799
51 7800
51 7802
51 7804
51 7807
51 7808
51 7809
51 7810
51 7813
51 7817
51 7818
51 7820
51 7821
51 7823
51 7824
51 7825
51 7826
51 7828
51 7831
51 7832
51 7836
51 7837
51 7838
51 7839
51 7840
51 7841
51 7842
51 7843
51 7844
51 7845
51 7846
51 7847
51 7848
51 7849
51 7850
51 7851
51 7852
51 7853
51 7854
51 7855
51 7856
51 7857
51 7858
51 7859
51 7860
51 7861
51 7862
51 7865
51 7866
51 7870
51 7871
51 7873
51 7875
51 7876
51 7884
51 7887
51 7893
51 7894
51 7989
51 8043
51 8048
51 8083
51 8109
51 8112
51 8115
51 8176
51 8178
51 8181
51 8193
51 8204
51 8216
51 8252
51 8253
51 8255
51 8259
51 8265
51 8267
51 8269
51 8279
51 8284
51 8315
51 8329
51 8331
51 8350
51 8354
51 8355
51 8367
51 8395
51 8435
51 8458
51 8513
51 8521
62 63
62 68
62 71
62 340
62 420
62 452
62 559
62 590
62 592
62 594
62 601
62 603
62 625
62 1003
62 1047
62 1064
62 1080
62 1083
62 1093
62 1101
62 1110
62 1207
62 1236
62 1253
62 1298
62 1343
62 1344
62 1351
62 1594
62 1596
62 1597
62 1598
62 1599
62 1600
62 1601
62 1603
62 1604
62 1605
62 1606
62 1607
62 1609
62 1610
62 1614
62 1616
62 1617
62 1620
62 1621
62 1622
62 1623
62 1624
62 1625
62 1626
62 1627
62 1628
62 1629
62 1630
62 1631
62 1632
62 1633
62 1634
62 1635
62 1636
62 1637
62 1638
62 1639
62 1640
62 1641
62 1642
62 1645
62 1646
62 1647
62 1648
62 1649
62 1650
62 1651
62 1652
62 1653
62 1654
62 1655
62 1657
62 1658
62 1659
62 1660
62 1661
62 1662
62 1663
62 1664
62 1665
62 1666
62 1668
62 1669
62 1670
62 1671
62 1672
62 1673
62 1674
62 1675
62 1676
62 1677
62 1678
62 1679
62 1680
62 1687
62 1688
62 1689
62 1690
62 1691
62 1692
62 1693
62 1695
62 1696
62 1697
62 1698
62 1699
62 1700
62 1701
62 1702
62 1703
62 1704
62 1707
62 1708
62 1710
62 1712
62 1713
62 1257
62 1714
62 1715
62 1716
62 1718
62 1719
62 1720
62 1721
62 1722
62 1723
62 1724
62 1727
62 1728
62 1729
62 1730
62 1731
62 1732
62 1734
62 1735
62 1737
62 1738
62 1739
62 1740
62 1741
62 1742
62 1743
62 1744
62 1745
62 1746
62 1747
62 1751
62 1752
62 1753
62 1754
62 1755
62 1756
62 1757
62 1758
62 1759
62 1760
62 1761
62 1762
62 1763
62 1764
62 1765
62 1766
62 1767
62 1769
62 1770
62 1771
62 1772
62 1773
62 1776
62 1777
62 1778
62 1779
62 1780
62 1781
62 1782
62 1784
62 1785
62 1786
62 1787
62 1788
62 1789
62 1790
62 1793
62 1795
62 1798
62 1799
62 1800
62 1801
62 1802
62 1808
62 1816
62 1817
62 1822
62 1832
62 1840
62 1851
62 1852
62 1853
62 1855
62 1856
62 1857
62 1858
62 1859
62 1860
62 1861
62 1862
62 1868
62 1886
62 1887
62 1888
62 1889
62 1890
62 1896
62 1897
62 1898
62 1900
62 1901
62 1902
62 1904
62 1905
62 2156
62 2158
62 2166
62 2173
62 2175
62 2186
62 2198
62 2215
62 2216
62 2217
62 2238
62 2240
62 2254
62 2261
62 2264
62 2265
62 2266
62 2267
62 2268
62 2287
62 2288
62 2289
62 2294
62 2374
62 2377
62 2378
62 2381
62 2384
62 2387
62 2389
62 2390
62 2393
62 2395
62 2396
62 2410
62 3338
62 3343
62 3363
62 4779
62 4782
62 4796
62 3403
62 4832
62 4842
62 4849
62 4855
62 4942
62 4963
62 4987
62 4991
62 5030
62 5038
62 5069
62 5127
62 5184
62 5445
62 5456
62 5556
62 5570
62 5576
62 5951
62 5955
62 5983
62 5994
62 6009
62 6030
62 6033
62 6045
62 6066
62 6074
62 6167
62 6171
62 6180
62 6189
62 6200
62 6204
62 6207
62 6215
62 6217
62 6342
62 6355
62 6358
62 6362
62 6377
62 6378
62 6386
62 6799
62 6805
62 6816
62 6831
62 6833
62 6848
62 6855
62 6859
62 7248
62 7251
62 7336
62 7347
62 7351
62 7354
62 7376
62 7453
62 7492
62 7502
62 7538
62 7570
62 7572
62 7580
62 7584
62 7621
62 7666
62 7706
62 7787
62 7801
62 7827
62 7872
62 7924
62 7994
62 8059
62 8062
62 8141
62 8166
62 8175
62 8180
62 8220
62 8290
62 8293
62 8295
62 8313
62 8318
62 8326
62 8406
62 8424
62 8431
62 8457
62 8462
62 8463
62 8467
62 8479
62 8500
62 8501
62 8511
62 8535
62 8549
66 67
66 86
66 124
66 151
66 275
66 276
66 278
66 296
66 307
66 310
66 317
66 331
66 386
66 461
66 477
66 481
66 551
66 556
66 813
66 837
66 844
66 873
66 920
66 928
66 1050
66 1053
66 1097
66 2232
66 2400
66 4852
66 5223
66 6703
66 6883
96 97
96 144
96 271
96 577
96 578
96 611
96 2183
96 2184
96 2209
96 2246
96 2253
96 2260
96 2262
96 2274
96 2276
96 2344
96 2504
96 5171
96 5608
96 5631
96 5660
96 5691
96 5693
96 5695
96 5752
96 5772
96 5776
96 5778
96 5788
96 5801
96 5810
96 5817
96 5818
96 5827
96 5894
96 5908
96 5911
96 6007
96 6140
96 6155
96 6201
96 6214
96 6245
96 6299
96 6323
96 6326
96 6338
96 6403
96 6427
96 6512
96 6513
96 6584
96 6778
96 6781
96 6797
96 7343
96 7345
96 7438
96 7486
96 7515
96 7564
96 7569
96 7571
96 7609
96 7629
96 7718
96 7783
96 7863
96 7877
96 7878
96 7879
96 7880
96 7883
96 7888
96 7891
96 7892
96 7897
96 7898
96 7987
96 8014
96 8027
96 8041
96 8042
96 8051
96 8052
96 8055
96 8057
96 8058
96 8064
96 8070
96 8077
96 8085
96 8088
96 8094
96 8095
96 8096
96 8100
96 8105
96 8117
96 8120
96 8129
96 8137
96 8139
96 8156
96 8158
96 8195
96 8202
96 8209
96 8272
96 8299
96 8429
96 8510
96 8557
239 240
239 264
239 1173
239 1185
239 1190
239 1271
239 1926
239 5769
239 6423
239 6516
239 6518
239 6519
239 6521
239 6522
239 6531
239 6542
239 6543
239 6787
239 6813
239 6879
239 7494
239 8207
241 242
241 731
241 1895
241 4696
241 4720
241 4733
241 4789
241 5330
241 8073
241 8106
241 8409
318 327
323 324
323 457
323 1060
323 1090
323 1219
323 1355
323 1827
323 2419
323 2967
323 5116
323 5198
323 5199
323 5200
323 3244
323 5202
323 5203
323 5205
323 4008
323 5206
323 5207
323 5208
323 5211
323 5225
323 5227
323 4685
323 5284
323 5301
323 5326
323 5332
323 5343
323 5369
323 5401
323 5433
323 5439
323 5534
323 5583
323 5947
323 6062
323 6514
323 6556
323 6557
323 6558
323 6559
323 6560
323 6561
323 6562
323 6563
323 6564
323 5939
323 6565
323 6566
323 6567
323 6568
323 1959
323 6569
323 6570
323 6572
323 6573
323 6574
323 6575
323 6576
323 6577
323 6578
323 6579
323 6580
323 6581
323 6582
323 6583
323 6585
323 6586
323 6587
323 6588
323 6590
323 6591
323 6592
323 6593
323 6594
323 6595
323 6596
323 6597
323 6598
323 6599
323 6600
323 6601
323 6602
323 6603
323 6604
323 6605
323 6606
323 6608
323 6609
323 6610
323 6611
323 6612
323 6613
323 6615
323 6616
323 6617
323 6618
323 6619
323 6620
323 6621
323 6622
323 6623
323 6624
323 6625
323 6626
323 6627
323 6628
323 6629
323 6630
323 6631
323 6632
323 6633
323 6634
323 4679
323 4077
323 6635
323 6636
323 6637
323 6638
323 6639
323 6640
323 6641
323 6642
323 6643
323 2200
323 6644
323 6645
323 6646
323 6647
323 6648
323 6649
323 6650
323 6651
323 6652
323 6653
323 6654
323 6656
323 6657
323 6658
323 6659
323 6660
323 6661
323 6662
323 6663
323 6664
323 6665
323 6666
323 6667
323 6668
323 6669
323 6670
323 6671
323 6672
323 6673
323 6674
323 6676
323 6677
323 6678
323 6679
323 6680
323 6682
323 6683
323 6684
323 6685
323 6686
323 6687
323 6688
323 6690
323 6691
323 6692
323 6694
323 6697
323 6698
323 6702
323 6705
323 6707
323 6710
323 1034
323 6711
323 6712
323 6713
323 6714
323 6716
323 6717
323 6721
323 6724
323 6725
323 6727
323 6729
323 6732
323 6734
323 6738
323 6741
323 6742
323 6744
323 6745
323 6746
323 6748
323 6752
323 6753
323 6755
323 6756
323 6757
323 6758
323 6759
323 6763
323 6764
323 6765
323 6768
323 6769
323 6770
323 6772
323 6774
323 6775
323 6777
323 6779
323 6782
323 6783
323 6786
323 6788
323 6790
323 6792
323 6793
323 6801
323 6823
323 6835
323 6837
323 6843
323 6857
323 6865
323 6867
323 6880
323 6890
323 6892
323 6900
323 6916
323 6917
323 6918
323 6919
323 4495
323 6920
323 6921
323 6922
323 6923
323 6924
323 6925
323 3428
323 6926
323 6927
323 6928
323 6929
323 6930
323 6931
323 6932
323 6933
323 6934
323 6935
323 6936
323 6937
323 6938
323 6939
323 6940
323 6942
323 6943
323 6944
323 6946
323 6947
323 5099
323 6948
323 6949
323 6950
323 6951
323 6952
323 6953
323 6958
323 6961
323 6963
323 6965
323 6966
323 7029
323 7327
323 7518
323 7519
323 7520
323 7521
323 7522
323 7524
323 7525
323 7526
323 7527
323 7528
323 7529
323 7530
323 7531
323 7532
323 7533
323 7534
323 7535
323 7536
323 7537
323 7539
323 3684
323 7545
323 7546
323 3195
323 7553
323 7577
323 7614
323 7640
323 7673
323 7707
323 7719
323 7781
323 7803
323 7812
323 7864
323 7889
323 8144
323 8174
323 8317
323 8319
323 8333
323 8392
323 8419
323 8485
327 328
327 740
327 848
327 976
327 1124
327 1211
327 1391
327 1392
327 1393
327 1394
327 1395
327 1396
327 1397
327 1398
327 1399
327 1400
327 1402
327 1403
327 1404
327 1405
327 1416
327 1422
327 1430
327 1445
327 1451
327 1454
327 1455
327 1457
327 1726
327 1803
327 1873
327 1914
327 1927
327 1928
327 1929
327 1930
327 1931
327 1934
327 1935
327 1936
327 1937
327 1938
327 1939
327 1940
327 1941
327 1942
327 1943
327 1944
327 1945
327 1946
327 1947
327 1948
327 1949
327 1950
327 1951
327 1952
327 1953
327 1954
327 1955
327 1956
327 1958
327 1959
327 1960
327 1961
327 1962
327 1963
327 1964
327 1965
327 1968
327 1969
327 1971
327 1973
327 2053
327 2075
327 2084
327 2143
327 2148
327 2177
327 2202
327 2271
327 2283
327 2284
327 2285
327 2290
327 2291
327 2293
327 2295
327 2296
327 2297
327 2298
327 2299
327 2301
327 2305
327 2306
327 2307
327 2310
327 2311
327 2313
327 2316
327 2326
327 2328
327 2332
327 2333
327 2341
327 2342
327 2345
327 2357
327 2359
327 2360
327 2361
327 2362
327 2364
327 2368
327 2369
327 2382
327 2383
327 2385
327 2394
327 2401
327 2414
327 2423
327 2424
327 2425
327 2426
327 2427
327 2428
327 2429
327 2430
327 2431
327 2432
327 2433
327 2434
327 2435
327 2436
327 2437
327 2438
327 2439
327 2440
327 2441
327 2442
327 2443
327 2445
327 2446
327 2448
327 2450
327 2451
327 2452
327 2453
327 2454
327 2455
327 2456
327 2457
327 2458
327 2459
327 2460
327 2461
327 2462
327 2463
327 2464
327 2465
327 2466
327 2467
327 2468
327 2469
327 2470
327 2472
327 2475
327 2476
327 2479
327 2480
327 2481
327 2482
327 2483
327 2484
327 2486
327 2487
327 2488
327 2490
327 2491
327 2493
327 2498
327 2500
327 2502
327 2503
327 2505
327 2506
327 2509
327 2511
327 2513
327 2514
327 2517
327 2522
327 2525
327 2530
327 2532
327 2533
327 2537
327 2922
327 2930
327 2945
327 2979
327 3103
327 3107
327 3114
327 3117
327 3127
327 3138
327 3186
327 3188
327 3194
327 3197
327 3214
327 3219
327 3228
327 3367
327 3371
327 3372
327 3373
327 3374
327 3377
327 3379
327 3383
327 3384
327 3386
327 3388
327 3389
327 3393
327 3395
327 3398
327 3400
327 3406
327 4299
327 4525
327 4707
327 4711
327 4712
327 4713
327 4714
327 4716
327 4719
327 4722
327 4725
327 4727
327 4729
327 4732
327 4734
327 4736
327 4738
327 4751
327 4763
327 4799
327 4882
327 4892
327 4897
327 5378
327 5416
327 5476
327 5599
327 5600
327 5602
327 5615
327 5616
327 5629
327 5657
327 5748
327 6268
327 6274
327 6275
327 6276
327 6277
327 6279
327 6280
327 6281
327 6285
327 6286
327 6287
327 6288
327 6291
327 6292
327 6293
327 6296
327 6297
327 6300
327 6301
327 6304
327 6305
327 6309
327 6310
327 6312
327 6313
327 6314
327 6315
327 6316
327 6318
327 6320
327 6321
327 6322
327 6324
327 6327
327 6328
327 6329
327 6332
327 6333
327 6348
327 6349
327 6350
327 6351
327 6352
327 6357
327 6359
327 6361
327 6363
327 6364
327 4514
327 6365
327 6366
327 6370
327 6374
327 6381
327 6408
327 6414
327 6858
327 3573
327 6893
327 7052
327 7053
327 7054
327 7055
327 7056
327 7057
327 7058
327 7059
327 7061
327 7062
327 7063
327 7064
327 7065
327 7066
327 7067
327 7068
327 7069
327 7070
327 7071
327 7072
327 7073
327 7074
327 7075
327 7076
327 7077
327 7078
327 7079
327 7080
327 7081
327 7082
327 7083
327 7084
327 7085
327 7086
327 7087
327 7088
327 7089
327 7090
327 7091
327 7092
327 7093
327 7094
327 7095
327 7096
327 7097
327 7098
327 7099
327 7100
327 7101
327 7102
327 7103
327 7104
327 7105
327 7106
327 7108
327 7109
327 7111
327 7112
327 7113
327 7114
327 7116
327 7117
327 7118
327 7119
327 7120
327 7121
327 7123
327 7124
327 7125
327 7126
327 7127
327 7128
327 7129
327 7130
327 7131
327 7132
327 7133
327 7134
327 7135
327 7136
327 7137
327 7138
327 7139
327 7140
327 7141
327 7142
327 7144
327 7145
327 7146
327 7147
327 7148
327 7149
327 7151
327 7152
327 7153
327 7154
327 7155
327 7156
327 7157
327 7158
327 7160
327 7161
327 7162
327 7163
327 7164
327 7165
327 7166
327 7167
327 7168
327 7169
327 7170
327 7171
327 7172
327 7173
327 7174
327 7175
327 7176
327 7177
327 7178
327 7179
327 7180
327 7181
327 7182
327 7183
327 7184
327 7185
327 7186
327 7187
327 7188
327 7190
327 7191
327 7193
327 7194
327 7196
327 7197
327 7198
327 7200
327 7201
327 7202
327 7203
327 7204
327 7205
327 7206
327 7207
327 7208
327 7209
327 7210
327 7211
327 7212
327 7213
327 7214
327 7215
327 3983
327 7217
327 7218
327 7220
327 7221
327 7223
327 7224
327 7225
327 7226
327 7227
327 7229
327 7230
327 7231
327 7232
327 7233
327 7234
327 7235
327 7236
327 7238
327 7239
327 7240
327 7242
327 7243
327 7244
327 7245
327 7246
327 7247
327 7249
327 7250
327 7252
327 7253
327 7255
327 7256
327 7257
327 7258
327 7259
327 7260
327 7262
327 7264
327 7265
327 7266
327 7267
327 7268
327 7270
327 7271
327 7274
327 7275
327 7276
327 7277
327 7278
327 7280
327 7281
327 7282
327 7283
327 7284
327 7286
327 7287
327 7289
327 7290
327 7293
327 7294
327 7297
327 7298
327 7301
327 7302
327 7303
327 7304
327 7306
327 7307
327 7314
327 7318
327 7321
327 7325
327 7326
327 4427
327 7329
327 7330
327 7333
327 7334
327 7335
327 7337
327 7340
327 7341
327 7342
327 7344
327 7346
327 7348
327 7349
327 7350
327 7352
327 7353
327 7355
327 7356
327 7357
327 7358
327 7359
327 7360
327 7361
327 7362
327 7363
327 7364
327 7365
327 7366
327 7367
327 7368
327 7369
327 7370
327 7371
327 7372
327 7373
327 7374
327 7375
327 7378
327 7379
327 7380
327 7381
327 7382
327 7383
327 7384
327 7385
327 7386
327 7387
327 7388
327 7389
327 7390
327 7391
327 7392
327 7393
327 7394
327 7395
327 7396
327 7397
327 7398
327 7399
327 7400
327 7401
327 7402
327 7403
327 7404
327 7405
327 7406
327 7407
327 7409
327 7410
327 7411
327 7412
327 7413
327 7414
327 7415
327 7416
327 7417
327 7418
327 7419
327 7420
327 7421
327 7422
327 7423
327 7424
327 7425
327 7426
327 7427
327 7428
327 7429
327 7430
327 7431
327 7432
327 7433
327 7434
327 7435
327 7436
327 7437
327 7443
327 7447
327 7452
327 7457
327 7459
327 7460
327 7461
327 7463
327 7464
327 7466
327 7468
327 7473
327 7474
327 7476
327 7481
327 7484
327 7485
327 7487
327 7488
327 7490
327 7491
327 7495
327 7496
327 7498
327 7499
327 7508
327 7514
327 7541
327 7542
327 7549
327 7550
327 7552
327 7554
327 7555
327 7556
327 7557
327 7558
327 7559
327 7560
327 7561
327 7562
327 7563
327 7565
327 7567
327 7568
327 7574
327 7575
327 7576
327 7578
327 7579
327 7581
327 7582
327 7583
327 7585
327 7586
327 7588
327 7589
327 7591
327 7592
327 7593
327 7594
327 7595
327 7596
327 7597
327 7598
327 7599
327 7600
327 7601
327 7603
327 7604
327 7605
327 7606
327 7607
327 7608
327 7610
327 7611
327 7612
327 7613
327 7615
327 7616
327 7617
327 7618
327 7619
327 7620
327 7622
327 7623
327 7624
327 7625
327 7626
327 7628
327 7630
327 7631
327 7632
327 7633
327 7634
327 7635
327 7636
327 7637
327 7638
327 7639
327 7641
327 7642
327 7643
327 7645
327 7647
327 7650
327 7653
327 7654
327 7655
327 7661
327 7662
327 7665
327 7669
327 7672
327 7675
327 7677
327 7683
327 7688
327 7692
327 7695
327 7696
327 7701
327 7708
327 7709
327 7711
327 7712
327 7713
327 7715
327 7716
327 7717
327 7721
327 7723
327 7729
327 7730
327 7732
327 7734
327 7735
327 7738
327 7742
327 7743
327 7745
327 7746
327 7747
327 7750
327 7769
327 7777
327 7778
327 7792
327 7794
327 7795
327 7796
327 7798
327 7805
327 7806
327 7814
327 7815
327 7816
327 7822
327 7830
327 7833
327 7835
327 7867
327 7869
327 7874
327 7881
327 7886
327 7895
327 7896
327 7899
327 7900
327 7901
327 3883
327 7902
327 7903
327 7904
327 7905
327 7906
327 7907
327 7908
327 7909
327 7910
327 3077
327 7913
327 7914
327 7915
327 7916
327 7918
327 7919
327 7928
327 7929
327 7946
327 7957
327 7958
327 7968
327 7971
327 7972
327 7978
327 7979
327 7980
327 8009
327 8016
327 8036
327 8038
327 8044
327 8053
327 8060
327 8063
327 8065
327 8068
327 8081
327 8084
327 8090
327 8099
327 8102
327 8103
327 8107
327 8108
327 8111
327 8116
327 8118
327 8119
327 8121
327 8122
327 8123
327 8124
327 8125
327 8126
327 8127
327 8128
327 8131
327 8132
327 8133
327 8138
327 8140
327 8142
327 8143
327 8145
327 8146
327 8147
327 8148
327 8149
327 8150
327 8151
327 8153
327 8154
327 8155
327 8157
327 8159
327 8161
327 8162
327 8163
327 8164
327 8165
327 8167
327 8168
327 8169
327 8170
327 8171
327 8173
327 8182
327 8184
327 8186
327 8188
327 8190
327 8191
327 8192
327 8197
327 8198
327 8203
327 8206
327 8211
327 8212
327 8213
327 8215
327 8218
327 8221
327 8222
327 8223
327 8224
327 8225
327 8226
327 8227
327 8229
327 8231
327 8232
327 8233
327 8234
327 8235
327 8236
327 8237
327 8238
327 8239
327 8240
327 8241
327 8242
327 8244
327 8245
327 8246
327 8247
327 8248
327 8249
327 8251
327 8254
327 8256
327 8257
327 8258
327 8261
327 8262
327 8263
327 8266
327 8268
327 8273
327 8274
327 8276
327 8277
327 8280
327 8282
327 8286
327 8287
327 8288
327 5188
327 8292
327 8294
327 8296
327 8297
327 8301
327 8303
327 8306
327 8310
327 8311
327 8314
327 8320
327 8322
327 8324
327 8327
327 8332
327 8338
327 8339
327 8340
327 8341
327 8342
327 444
327 8343
327 8345
327 8347
327 8348
327 8349
327 8356
327 8357
327 1263
327 8358
327 8360
327 8362
327 8364
327 8366
327 8369
327 8372
327 8374
327 8378
327 8380
327 8381
327 8382
327 8383
327 8384
327 3457
327 8385
327 8386
327 8387
327 8388
327 8390
327 8391
327 8393
327 8394
327 8397
327 8398
327 8400
327 8401
327 8402
327 8403
327 8404
327 8407
327 8408
327 8410
327 8411
327 8422
327 8423
327 8436
327 8437
327 8444
327 8445
327 8450
327 8470
327 8508
327 8512
327 8514
327 8516
327 8517
327 8518
327 8519
327 8520
327 8525
327 8526
327 8528
327 8529
327 8530
327 8531
327 8532
327 8533
327 8537
327 8538
327 8541
327 8542
327 8553
441 442
441 443
441 444
441 445
441 465
441 466
441 467
441 468
441 469
441 470
441 487
441 488
441 489
441 491
441 492
441 493
441 494
441 503
441 506
441 508
441 509
441 510
441 512
441 514
441 516
441 520
441 521
441 523
441 524
441 534
441 537
441 539
441 540
441 541
441 542
441 563
441 564
441 565
441 569
441 815
441 825
441 831
441 832
851 852
851 891
851 907
851 1335
851 1367
851 2162
851 2334
851 2335
851 2531
851 3365
851 4875
851 6161
851 6271
851 6278
851 6298
851 6407
851 6410
851 6718
851 6719
851 6737
851 6743
851 6747
851 6749
851 6766
851 6776
851 6789
851 6794
851 6795
851 6826
851 7241
851 7551
851 8208
851 8482
851 8483
851 8484
851 8497
851 8504
851 8548
851 8550
865 7540
1070 1071
1070 6002
1142 1143
1142 1144
1142 1145
1142 1146
1142 1147
1142 1148
1142 1149
1142 1150
1142 1151
1142 1153
1142 1154
1142 1155
1142 1156
1142 1157
1142 1158
1142 1159
1142 1160
1142 1161
1142 1162
1142 1163
1142 1164
1142 1166
1142 1167
1142 1168
1142 1169
1142 1170
1142 1171
1142 1172
1142 1174
1142 1175
1142 1176
1142 1177
1142 1178
1142 1179
1142 1180
1142 1181
1142 1182
1142 1183
1142 1184
1142 1187
1142 1188
1142 1189
1142 1191
1142 1193
1142 1194
1142 1196
1142 1197
1142 1198
1142 1199
1142 1201
1142 1202
1142 1205
1142 1208
1142 1209
1142 1212
1142 1213
1142 1214
1142 1215
1142 1216
1142 1217
1142 1218
1142 1220
1142 1221
1142 1222
1142 1223
1142 1224
1142 1225
1142 1226
1142 1227
1142 1228
1142 1230
1142 1231
1142 1232
1142 1233
1142 1234
1142 1235
1142 1237
1142 1238
1142 1239
1142 1240
1142 1243
1142 1244
1142 1245
1142 1247
1142 1250
1142 1252
1142 1254
1142 1255
1142 1258
1142 1268
1142 1294
1142 1299
1142 1313
1142 1317
1142 1321
1142 1331
1142 1336
1142 1338
1142 1348
1142 1356
1142 1363
1142 1369
1142 1385
1142 1389
1142 1406
1142 1410
1142 1412
1142 1418
1142 1465
1142 1469
1142 1831
1142 2353
1142 7917
1142 7920
1142 7921
1142 7922
1142 7923
1142 7925
1142 7927
1142 7930
1142 7931
1142 7932
1142 7933
1142 7934
1142 7935
1142 7936
1142 7937
1142 7938
1142 7939
1142 7940
1142 7941
1142 7943
1142 7944
1142 7945
1142 7947
1142 7948
1142 7949
1142 7950
1142 7951
1142 7952
1142 7953
1142 7954
1142 7955
1142 7956
1142 7959
1142 7960
1142 7961
1142 7962
1142 7963
1142 7964
1142 7965
1142 7966
1142 7967
1142 7969
1142 7970
1142 7973
1142 7974
1142 7975
1142 7976
1142 7977
1142 7981
1142 7982
1142 3457
1142 7984
1142 7985
1142 7986
1142 7988
1142 7990
1142 7991
1142 7992
1142 7993
1142 7995
1142 7996
1142 7997
1142 7998
1142 7999
1142 8000
1142 8001
1142 8003
1142 8004
1142 8005
1142 8007
1142 8008
1142 8010
1142 8012
1142 8013
1142 8015
1142 8017
1142 8018
1142 8019
1142 8020
1142 8021
1142 8022
1142 8023
1142 8024
1142 8025
1142 8026
1142 8029
1142 8030
1142 8031
1142 8033
1142 8034
1142 8035
1142 8037
1142 8039
1142 8040
1142 3488
1142 7750
1142 8049
1142 8050
1142 8054
1142 8056
1142 8061
1142 8066
1142 8067
1142 6422
1142 8069
1142 8071
1142 8074
1142 8076
1142 8078
1142 8080
1142 8082
1142 8086
1142 8087
1142 8089
1142 8091
1142 8092
1142 8093
1142 8097
1142 8101
1142 8104
1142 8110
1142 8250
1142 8260
1142 8396
1142 8415
1142 8455
1248 1249
1248 1251
1248 1364
1248 1376
1248 2322
1248 2325
1248 2338
1248 2346
1248 2355
1248 2358
1248 2363
1248 2379
1248 2545
1248 2546
1248 2547
1248 2943
1248 3099
1248 3104
1248 3108
1248 3158
1248 3162
1248 3165
1248 3169
1248 3174
1248 3177
1248 3185
1248 3320
1248 3345
1248 3346
1248 3348
1248 3350
1248 3351
1248 3361
1248 3385
1248 3404
1248 4029
1248 4879
1248 4908
1248 5585
1248 5586
1248 5614
1248 6227
1248 6262
1248 6335
1248 6336
1248 6356
1248 6384
1248 6477
1248 6488
1248 6492
1248 6544
1248 6548
1248 6554
1248 6773
1248 6780
1248 7011
1248 7037
1248 7039
1248 7050
1248 7310
1248 7331
1248 8371
1248 8421
1871 1872
1871 2527
1871 3352
1871 3353
1871 3357
1871 3358
1871 3359
1871 3360
1871 3362
1871 3364
1871 3368
1871 3391
1871 3394
1871 3411
1871 3474
1871 3493
1871 3991
1871 4000
1871 4105
1871 4116
1871 4120
1871 4130
1871 4133
1871 4184
1871 4212
1871 4288
1871 4344
1871 4493
1871 4666
1871 4670
1871 4723
1871 4740
1871 4775
1871 4776
1871 4780
1871 4781
1871 4785
1871 4802
1871 4804
1871 4814
1871 4815
1871 4817
1871 4835
1871 4839
1871 4843
1871 4894
1871 4936
1871 4946
1871 4956
1871 4972
1871 4992
1871 5006
1871 5039
1871 5046
1871 5056
1871 5076
1871 5081
1871 5088
1871 5093
1871 5128
1871 5146
1871 5173
1871 5178
1871 5183
1871 5306
1871 5321
1871 5402
1871 5405
1871 5406
1871 5407
1871 5437
1871 5440
1871 5444
1871 5447
1871 5466
1871 5527
1871 5533
1871 5536
1871 5625
1871 5630
1871 5634
1871 5677
1871 5708
1871 5709
1871 5710
1871 5712
1871 5714
1871 5715
1871 5716
1871 5725
1871 5726
1871 5730
1871 5749
1871 5754
1871 5755
1871 5761
1871 5766
1871 5781
1871 5792
1871 6208
1871 7547
1871 8217
1875 5107
1975 1976
1975 1977
1975 1978
1975 1979
1975 1980
1975 1981
1975 1982
1975 1983
1975 1984
1975 1985
1975 1986
1975 1987
1975 1988
1975 1989
1975 1990
1975 1991
1975 1992
1975 1993
1975 1994
1975 1995
1975 1996
1975 1997
1975 1998
1975 1999
1975 2000
1975 2001
1975 2002
1975 2003
1975 2004
1975 2005
1975 2007
1975 2008
1975 2009
1975 2010
1975 2011
1975 2012
1975 2014
1975 2015
1975 2016
1975 2017
1975 2018
1975 2019
1975 2020
1975 2021
1975 2022
1975 2023
1975 2024
1975 2025
1975 2026
1975 2027
1975 2028
1975 2029
1975 2030
1975 2031
1975 2032
1975 2033
1975 2034
1975 2035
1975 2036
1975 2037
1975 2038
1975 2039
1975 2040
1975 2041
1975 2042
1975 2043
1975 2044
1975 2045
1975 2046
1975 2047
1975 2048
1975 2049
1975 2050
1975 2051
1975 2052
1975 2054
1975 2055
1975 2056
1975 2057
1975 2058
1975 2059
1975 2060
1975 2061
1975 2062
1975 2063
1975 2064
1975 2065
1975 2066
1975 2067
1975 2068
1975 2069
1975 2070
1975 2071
1975 2072
1975 2073
1975 2074
1975 2076
1975 2077
1975 2079
1975 2080
1975 2081
1975 2082
1975 2083
1975 2085
1975 2086
1975 2087
1975 2088
1975 2089
1975 2090
1975 2091
1975 2092
1975 2093
1975 2094
1975 2095
1975 2096
1975 2097
1975 2098
1975 2099
1975 2100
1975 2101
1975 2102
1975 2103
1975 2104
1975 2105
1975 2106
1975 2108
1975 2109
1975 2110
1975 2111
1975 2112
1975 2113
1975 2114
1975 2115
1975 2116
1975 2117
1975 2121
1975 2122
1975 2123
1975 2126
1975 2128
1975 2129
1975 2130
1975 2131
1975 2132
1975 2133
1975 2134
1975 2135
1975 2136
1975 2137
1975 2138
1975 2139
1975 2140
1975 2141
1975 2142
1975 2144
1975 2145
1975 2146
1975 2150
1975 2151
1975 2153
1975 2154
1975 2155
1975 2157
1975 2159
1975 2160
1975 2161
1975 2163
1975 2164
1975 2165
1975 2167
1975 2169
1975 2171
1975 2174
1975 2179
1975 2180
1975 2181
1975 2185
1975 2191
1975 2192
1975 2194
1975 2197
1975 2203
1975 2205
1975 2208
1975 2210
1975 2214
1975 2219
1975 2220
1975 2221
1975 2224
1975 2227
1975 2228
1975 2229
1975 2231
1975 2237
1975 2239
1975 2241
1975 2242
1975 2243
1975 2244
1975 2247
1975 2248
1975 2255
1975 2263
1975 2380
1975 2407
1975 2471
1975 2536
1975 3164
1975 8307
2415 2416
2415 2515
2415 2526
2415 2534
2415 2542
2415 2709
2415 2750
2415 2784
2415 2808
2415 2830
2415 2834
2415 2907
2415 2911
2415 2916
2415 2925
2415 2926
2415 2928
2415 2944
2415 2947
2415 2953
2415 2974
2415 2978
2415 3032
2415 3071
2415 3088
2415 3118
2415 3121
2415 3125
2415 3135
2415 3136
2415 3140
2415 3142
2415 3143
2415 3144
2415 3145
2415 3146
2415 3147
2415 3148
2415 3149
2415 3150
2415 3153
2415 3155
2415 3156
2415 3159
2415 3160
2415 3161
2415 3163
2415 3166
2415 3167
2415 3168
2415 3171
2415 3172
2415 3173
2415 3175
2415 3176
2415 3180
2415 3181
2415 3182
2415 3184
2415 3191
2415 3193
2415 3198
2415 3203
2415 3208
2415 3212
2415 3222
2415 3227
2415 3229
2415 3230
2415 3231
2415 3232
2415 3265
2415 3266
2415 3268
2415 3269
2415 3270
2415 3271
2415 3272
2415 3273
2415 3275
2415 3276
2415 3285
2415 3289
2415 3297
2415 3299
2415 3301
2415 3302
2415 3336
2415 3342
2415 3369
2415 3375
2415 3376
2415 3396
2415 3397
2415 3401
2415 3407
2415 3408
2415 3409
2415 3412
2415 3413
2415 3414
2415 3513
2415 3743
2415 3862
2415 3963
2415 3986
2415 4018
2415 4041
2415 4067
2415 4103
2415 4118
2415 4136
2415 4139
2415 4185
2415 4194
2415 4232
2415 4297
2415 4311
2415 4345
2415 4433
2415 4505
2415 4507
2415 4517
2415 4637
2415 4644
2415 4659
2415 4668
2415 4741
2415 4756
2415 4767
2415 4773
2415 4812
2415 4844
2415 4846
2415 4850
2415 4853
2415 4867
2415 4869
2415 4871
2415 4872
2415 4877
2415 4878
2415 4900
2415 4903
2415 4917
2415 4929
2415 4930
2415 4947
2415 4954
2415 4960
2415 4965
2415 4973
2415 4976
2415 4977
2415 5032
2415 5033
2415 5034
2415 5040
2415 5042
2415 5043
2415 5044
2415 5045
2415 5047
2415 5048
2415 5049
2415 5050
2415 5051
2415 5052
2415 5053
2415 5054
2415 5057
2415 5058
2415 5059
2415 5061
2415 5062
2415 5063
2415 5064
2415 5065
2415 5066
2415 5068
2415 5070
2415 5071
2415 5072
2415 5074
2415 5078
2415 5079
2415 5080
2415 5082
2415 5083
2415 5086
2415 5090
2415 5091
2415 5092
2415 5094
2415 5095
2415 5096
2415 5097
2415 5098
2415 5099
2415 5100
2415 5101
2415 5102
2415 5104
2415 5106
2415 5110
2415 5115
2415 5117
2415 5121
2415 5125
2415 5136
2415 5138
2415 5139
2415 5140
2415 5143
2415 5182
2415 5187
2415 5189
2415 5195
2415 5216
2415 5218
2415 5220
2415 5221
2415 5222
2415 5273
2415 5279
2415 5298
2415 5312
2415 5313
2415 5315
2415 5322
2415 5325
2415 5341
2415 5342
2415 5346
2415 5359
2415 5367
2415 5372
2415 5382
2415 5389
2415 5391
2415 5392
2415 5395
2415 5410
2415 5418
2415 5423
2415 5425
2415 5426
2415 5428
2415 5431
2415 5432
2415 5449
2415 5453
2415 5479
2415 5510
2415 5565
2415 5574
2415 5584
2415 5591
2415 5636
2415 5638
2415 5645
2415 5646
2415 5648
2415 5649
2415 5650
2415 5651
2415 5652
2415 5653
2415 5654
2415 5655
2415 5656
2415 5658
2415 5661
2415 5662
2415 5663
2415 5666
2415 5669
2415 5670
2415 5671
2415 5672
2415 5673
2415 5674
2415 5675
2415 5676
2415 5678
2415 5681
2415 5684
2415 5685
2415 5688
2415 5689
2415 5692
2415 5694
2415 5697
2415 5698
2415 5700
2415 5701
2415 5703
2415 5704
2415 5705
2415 5706
2415 5707
2415 5711
2415 5717
2415 5718
2415 5719
2415 5720
2415 5722
2415 5724
2415 5728
2415 5732
2415 5740
2415 5742
2415 5757
2415 5760
2415 5763
2415 5764
2415 5770
2415 5787
2415 5790
2415 5793
2415 5795
2415 5803
2415 5822
2415 5824
2415 5830
2415 5961
2415 5962
2415 5965
2415 5966
2415 5982
2415 5995
2415 6017
2415 6093
2415 6153
2415 6225
2415 6226
2415 6308
2415 6311
2415 6319
2415 6376
2415 6382
2415 6383
2415 6405
2415 6417
2415 6421
2415 6486
2415 6700
2415 6796
2415 6847
2415 7377
2415 7470
2415 7523
2415 7926
2415 8336
2415 8465
2415 8493
3380 3381
3380 3403
3380 3410
3380 6418
3380 6472
3380 6535
3380 6722
3380 6733
3380 6736
3380 6863
3380 6413
3380 6974
3380 7819
3380 7983
3884 5107
3981 3982
3981 4646
3981 4652
3981 5021
3981 5103
3981 6500
3981 6898
3981 7040
3981 8443
3981 8452
3981 8522
5107 5108
5107 5109
5107 5111
5107 5112
5107 5113
5107 5114
5107 5118
5107 5119
5107 5122
5107 5123
5107 5124
5107 5126
5107 5129
5107 5130
5107 5131
5107 5133
5107 5134
5107 5135
5107 5137
5107 5141
5107 5142
5107 5147
5107 5148
5107 5149
5107 5150
5107 5151
5107 5152
5107 5153
5107 5154
5107 5155
5107 5156
5107 5157
5107 5158
5107 5159
5107 5160
5107 5161
5107 5162
5107 5163
5107 5164
5107 5165
5107 5166
5107 5167
5107 5168
5107 5169
5107 5170
5107 5176
5107 5177
5107 5180
5107 5181
5107 5185
5107 5196
5107 5197
5107 5201
5107 5204
5107 5209
5107 5212
5107 5213
5107 5215
5107 5217
5107 5219
5107 5226
5107 5275
5107 5311
5107 5335
5107 5400
5107 5443
5107 5450
5107 5472
5107 5477
5107 5515
5107 5520
5107 5553
5107 5814
5107 5821
5107 5825
5107 5959
5107 6224
5174 5175
5540 5541
5540 7022
6387 6388
6387 6389
6387 7025
6419 6420
6425 6426
6425 6540
7500 7501
7500 7503
7500 8114
7500 8134
7500 8399
7500 8543
7500 8546
7500 8547
