0 1
0 14
0 16
0 26
0 32
0 36
0 37
0 38
0 39
0 40
0 41
0 42
0 43
0 44
0 45
0 46
0 47
0 48
0 49
0 50
0 51
0 52
0 54
0 55
0 56
0 57
0 60
0 61
0 62
0 64
0 65
0 66
0 69
0 72
0 76
0 79
0 84
0 86
0 87
0 88
0 89
0 90
0 91
0 92
0 93
0 94
0 95
0 97
0 98
0 99
0 100
0 101
0 105
0 106
0 109
0 110
0 111
0 112
0 113
0 115
0 116
0 117
0 119
0 121
0 126
0 129
0 132
0 133
0 137
0 154
0 168
0 169
0 170
0 171
0 172
0 173
0 175
0 177
0 178
0 204
0 234
0 235
0 236
0 237
0 238
0 240
0 241
0 244
0 245
0 247
0 251
0 256
0 257
0 264
0 267
0 268
0 277
0 295
0 305
0 309
0 315
0 324
0 328
0 340
0 342
0 347
0 355
0 359
0 362
0 366
0 369
0 371
0 376
0 379
0 383
0 384
0 386
0 387
0 395
0 404
0 422
0 427
0 430
0 439
0 440
0 446
0 449
0 459
0 460
0 467
0 468
0 470
0 472
0 488
0 489
0 490
0 491
0 492
0 493
0 495
0 496
0 497
0 498
0 499
0 500
0 501
0 502
0 503
0 504
0 505
0 506
0 508
0 509
0 511
0 513
0 514
0 515
0 516
0 517
0 519
0 520
0 521
0 522
0 524
0 525
0 526
0 527
0 528
0 530
0 531
0 533
0 535
0 537
0 538
0 545
0 552
0 554
0 556
0 571
0 572
0 573
0 574
0 575
0 576
0 577
0 578
0 579
0 580
0 581
0 583
0 585
0 588
0 589
0 590
0 592
0 593
0 595
0 597
0 598
0 599
0 600
0 603
0 604
0 618
0 633
0 636
0 656
0 80
0 658
0 662
0 671
0 672
0 673
0 684
0 685
0 687
0 688
0 693
0 695
0 709
0 711
0 718
0 719
0 721
0 722
0 725
0 729
0 737
0 746
0 748
0 749
0 751
0 752
0 753
0 754
0 755
0 758
0 759
0 760
0 761
0 762
0 763
0 764
0 766
0 767
0 768
0 769
0 770
0 771
0 772
0 773
0 774
0 775
0 776
0 777
0 778
0 779
0 781
0 782
0 783
0 784
0 785
0 786
0 787
0 789
0 790
0 791
0 792
0 793
0 794
0 795
0 796
0 797
0 798
0 799
0 801
0 802
0 803
0 804
0 805
0 806
0 807
0 808
0 809
0 810
0 811
0 812
0 814
0 815
0 816
0 817
0 818
0 819
0 820
0 822
0 823
0 824
0 825
0 826
0 827
0 829
0 830
0 831
0 832
0 833
0 834
0 835
0 836
0 837
0 838
0 839
0 840
0 841
0 842
0 843
0 844
0 845
0 846
0 847
0 848
0 849
0 850
0 851
0 853
0 857
0 858
0 859
0 860
0 861
0 862
0 863
0 864
0 865
0 866
0 868
0 869
0 870
0 871
0 873
0 874
0 875
0 876
0 877
0 878
0 879
0 880
0 881
0 882
0 883
0 884
0 885
0 886
0 887
0 888
0 889
0 890
0 891
0 893
0 894
0 895
0 896
0 898
0 899
0 900
0 901
0 902
0 903
0 904
0 905
0 906
0 907
0 908
0 909
0 910
0 911
0 912
0 913
0 914
0 915
0 916
0 917
0 918
0 919
0 920
0 921
0 922
0 923
0 924
0 925
0 926
0 927
0 928
0 929
0 930
0 931
0 932
0 933
0 934
0 935
0 936
0 937
0 938
0 939
0 940
0 941
0 942
0 943
0 944
0 945
0 946
0 948
0 949
0 950
0 951
0 952
0 953
0 954
0 956
0 958
0 960
0 961
0 964
0 965
0 966
0 967
0 968
0 970
0 971
0 972
0 973
0 974
0 975
0 976
0 977
0 978
0 979
0 980
0 981
0 982
0 985
0 986
0 987
0 988
0 989
0 990
0 991
0 993
0 994
0 996
0 997
0 999
0 1000
0 1001
0 1002
0 1003
0 1004
0 1005
0 1006
0 1008
0 1009
0 1010
0 1011
0 1012
0 1013
0 1014
0 1015
0 1016
0 1017
0 1018
0 1019
0 1020
0 1021
0 1022
0 1023
0 1024
0 1025
0 1026
0 1027
0 1028
0 1029
0 1030
0 1031
0 1032
0 1033
0 1034
0 1035
0 1036
0 1038
0 1039
0 1040
0 1041
0 1042
0 1043
0 1044
0 1045
0 1046
0 1047
0 1048
0 1051
0 1052
0 1054
0 1055
0 1056
0 1057
0 1058
0 1059
0 1060
0 1061
0 1064
0 1066
0 1067
0 1068
0 1069
0 1071
0 1073
0 1074
0 1075
0 1077
0 1078
0 1079
0 1080
0 1081
0 1082
0 1083
0 1084
0 1085
0 1087
0 1088
0 1089
0 1093
0 1099
0 1101
0 1106
0 1107
0 1108
0 1109
0 1110
0 1111
0 1112
0 1114
0 1118
0 1119
0 1120
0 1123
0 1124
0 1129
0 1130
0 1133
0 1150
0 1151
0 1152
0 1154
0 1159
0 1162
0 1163
0 1169
0 1179
0 1181
0 1182
0 1184
0 1185
0 1186
0 1187
0 1189
0 1190
0 1191
0 1192
0 1194
0 1195
0 1197
0 1200
0 1201
0 1202
0 1208
0 1211
0 1213
0 1215
0 1217
0 1218
0 1219
0 1222
0 1228
0 1232
0 1236
0 1241
0 1245
0 1248
0 1250
0 1252
0 1253
0 1254
0 1257
0 1260
0 1262
0 1267
0 1272
0 1275
0 1276
0 1278
0 1288
0 1295
0 1297
0 1301
0 1302
0 1304
0 1306
0 1308
0 1309
0 1310
0 1311
0 1313
0 1315
0 1316
0 1317
0 1318
0 1319
0 1321
0 1322
0 1323
0 1324
0 1325
0 1326
0 1327
0 1329
0 1331
0 1332
0 1334
0 1335
0 1337
0 1338
0 1339
0 1342
0 1343
0 1344
0 1345
0 1347
0 1348
0 1349
0 1352
0 1353
0 1356
0 1358
0 1360
0 1363
0 1364
0 1365
0 1371
0 1374
0 1375
0 1376
0 1378
0 1379
0 1380
0 1381
0 1382
0 1386
0 1388
0 1389
0 1391
0 1392
0 1393
0 1396
0 1397
0 1400
0 1404
0 1405
0 1407
0 1411
0 1413
0 1415
0 1418
0 1420
0 1421
0 1422
0 1423
0 1425
0 1426
0 1427
0 1428
0 1429
0 1430
0 1431
0 1432
0 1433
0 1434
0 1435
0 1436
0 1437
0 1438
0 1439
0 1441
0 1442
0 1443
0 1445
0 1446
0 1447
0 1448
0 1449
0 1451
0 1452
0 1454
0 1455
0 1456
0 1457
0 1458
0 1459
0 1460
0 1462
0 1463
0 1464
0 1466
0 1469
0 1472
0 1475
0 1480
0 1504
0 1511
0 1512
0 1545
0 1547
0 1562
0 1564
0 1627
0 1636
0 1647
0 1662
0 1665
0 1673
0 1684
0 1703
0 1721
0 1724
0 1735
0 1741
0 1745
0 1751
0 1766
0 1767
0 1773
0 1783
0 1802
0 1812
0 1818
0 1826
0 1834
0 1840
0 1847
0 1853
0 1862
0 1867
0 1868
0 1890
0 1922
0 1930
0 2017
0 2018
0 2030
0 2032
0 2036
0 2069
0 2096
0 2097
0 2099
0 2102
0 2103
0 2108
0 2109
0 2111
0 2112
0 2113
0 2115
0 2117
0 2120
0 2121
0 2122
0 2123
0 2124
0 2125
0 2126
0 2127
0 2128
0 2129
0 2130
0 2138
0 2140
0 2141
0 2143
0 2144
0 2145
0 2156
0 2157
0 2158
0 2161
0 2162
0 2163
0 2174
0 2175
0 2182
0 2183
0 2184
0 2185
0 2186
0 2187
0 2188
0 2189
0 2190
0 2191
0 2192
0 2193
0 2195
0 2196
0 2197
0 2199
0 2200
0 2204
0 2207
0 2213
0 2215
0 2217
0 2227
0 2499
0 2522
0 2711
0 2713
0 2714
0 2715
0 2716
0 2717
0 2718
0 2719
0 2720
0 2729
0 2743
0 2761
0 2922
0 2951
0 2976
0 2991
0 2992
0 2993
0 2994
0 2995
0 2996
0 2997
0 2998
0 2999
0 3003
0 3006
0 3007
0 3012
0 3013
0 3015
0 3018
0 3020
0 3028
0 3029
0 3123
0 3124
0 3125
0 3126
0 3128
0 3129
0 3131
0 3132
0 3134
0 3135
0 3136
0 3137
0 3139
0 3141
0 3142
0 3144
0 3146
0 3147
0 3149
0 3150
0 3152
0 3153
0 3154
0 3157
0 3158
0 3160
0 3167
0 3168
0 3171
0 3172
0 3174
0 3175
0 3176
0 3179
0 3183
0 3184
0 3185
0 3188
0 3190
0 3195
0 3199
0 3201
0 3202
0 3210
0 3217
0 3231
0 3243
0 3246
0 3247
0 3475
0 3484
0 3726
0 3730
0 3763
0 5303
0 5410
0 5454
0 5620
0 5621
0 5637
0 5701
0 5702
0 5705
0 5706
0 5707
0 5710
0 5712
0 5715
0 5716
0 5717
0 5718
0 5720
0 5721
0 5729
0 5736
0 5745
0 5748
0 5763
0 5964
0 6034
0 6513
0 6733
0 6741
0 7894
0 7895
0 7896
0 7897
0 7898
0 7900
0 7901
0 7902
0 7903
0 7905
0 7907
0 7910
0 7911
0 7913
0 7914
0 7916
0 6643
0 7917
0 7918
0 7920
0 6265
0 7921
0 7928
0 7930
0 7931
0 7936
0 7941
0 7942
0 7948
0 7953
0 7956
0 7960
0 7970
0 7981
0 7982
0 5947
0 7998
0 7999
0 8000
0 8001
0 8002
0 8003
0 2434
0 8004
0 8005
0 8007
0 8008
0 8009
0 8010
0 8011
0 8012
0 8013
0 8015
0 8017
0 8018
0 8026
0 8037
0 8052
0 8133
0 4137
0 8135
0 8136
0 8137
0 8138
0 8139
0 8140
0 8145
0 8149
0 8150
0 8153
0 8161
0 8174
0 8181
0 6471
0 8187
0 8188
0 8191
0 8193
0 8196
0 8206
0 8228
0 8506
0 9738
0 9739
0 9740
0 9742
0 9744
0 9755
0 9762
0 9785
0 9854
0 9857
0 9998
0 9999
0 5931
0 10001
0 10002
0 10003
0 10004
0 10005
0 10006
0 10007
0 10008
0 4853
0 10009
0 10010
0 10011
0 9889
0 10012
0 10013
0 10014
0 10015
0 10017
0 10019
0 10020
0 10021
0 10022
0 10023
0 10024
0 10025
0 10026
0 10027
0 10028
0 10029
0 10030
0 9411
0 10031
0 10032
0 10033
0 10034
0 10035
0 10036
0 10037
0 10038
0 10039
0 10040
0 10041
0 10042
0 10043
0 10044
0 10045
0 10047
0 10048
0 10049
0 10050
0 10051
0 10052
0 9683
0 10053
0 10054
0 10058
0 10060
0 9512
0 10061
0 10062
0 10063
0 10065
0 10071
0 10072
0 10075
0 10077
0 10078
0 10080
0 10081
0 10084
0 10086
0 10091
0 10108
0 10117
0 10349
0 10350
2 3
2 7
2 10
2 104
2 127
2 128
2 130
2 131
2 140
2 150
2 155
2 176
2 179
2 181
2 183
2 184
2 187
2 188
2 189
2 190
2 191
2 192
2 193
2 194
2 195
2 196
2 197
2 198
2 199
2 200
2 201
2 202
2 203
2 205
2 206
2 207
2 210
2 211
2 212
2 213
2 214
2 215
2 216
2 217
2 218
2 219
2 220
2 221
2 222
2 223
2 224
2 225
2 226
2 227
2 228
2 229
2 231
2 232
2 233
2 239
2 242
2 243
2 246
2 258
2 288
2 296
2 297
2 307
2 313
2 321
2 325
2 334
2 350
2 353
2 357
2 358
2 368
2 372
2 373
2 377
2 380
2 381
2 382
2 389
2 391
2 392
2 394
2 396
2 399
2 400
2 401
2 411
2 412
2 415
2 416
2 418
2 433
2 453
2 463
2 466
2 474
2 476
2 481
2 485
2 507
2 540
2 541
2 542
2 543
2 544
2 546
2 548
2 558
2 559
2 563
2 565
2 568
2 569
2 570
2 584
2 586
2 587
2 591
2 596
2 602
2 605
2 606
2 607
2 608
2 609
2 610
2 611
2 612
2 613
2 614
2 615
2 616
2 617
2 619
2 620
2 621
2 622
2 623
2 624
2 625
2 626
2 627
2 628
2 629
2 630
2 631
2 632
2 634
2 635
2 637
2 638
2 639
2 640
2 641
2 642
2 643
2 644
2 645
2 646
2 647
2 648
2 649
2 650
2 651
2 652
2 653
2 654
2 655
2 657
2 659
2 660
2 661
2 663
2 664
2 665
2 666
2 667
2 668
2 669
2 674
2 675
2 676
2 677
2 678
2 679
2 680
2 681
2 682
2 683
2 686
2 689
2 690
2 691
2 692
2 694
2 696
2 697
2 698
2 700
2 701
2 702
2 703
2 704
2 705
2 706
2 707
2 708
2 710
2 712
2 714
2 716
2 717
2 720
2 723
2 724
2 726
2 727
2 728
2 730
2 731
2 732
2 733
2 734
2 735
2 736
2 739
2 740
2 741
2 742
2 743
2 744
2 745
2 747
2 750
2 756
2 757
2 765
2 780
2 788
2 800
2 813
2 821
2 828
2 855
2 856
2 867
2 872
2 892
2 947
2 955
2 957
2 959
2 962
2 983
2 992
2 995
2 998
2 1007
2 1037
2 1053
2 1086
2 1095
2 1096
2 1100
2 1125
2 1168
2 1247
2 1279
2 1290
2 1296
2 1303
2 1328
2 1368
2 1402
2 1417
2 1468
2 1479
2 1651
2 1696
2 1772
2 1781
2 1797
2 1800
2 1805
2 1810
2 1813
2 1836
2 1857
2 1859
2 1860
2 1863
2 1891
2 1892
2 1920
2 1936
2 2010
2 2031
2 2057
2 2089
2 2119
2 2147
2 2148
2 2155
2 2159
2 2178
2 2210
2 2223
2 2225
2 2226
2 2228
2 2229
2 2230
2 2231
2 2233
2 2234
2 2235
2 2236
2 2237
2 2243
2 2247
2 2248
2 2249
2 2251
2 2252
2 2253
2 2255
2 2256
2 2287
2 2298
2 2308
2 2452
2 2453
2 2454
2 2459
2 2462
2 2464
2 2465
2 2492
2 2496
2 2502
2 2503
2 2504
2 2506
2 2507
2 2509
2 2510
2 2511
2 2521
2 2528
2 2529
2 2534
2 2536
2 2537
2 2539
2 2542
2 2543
2 2548
2 2549
2 2550
2 2551
2 2556
2 2557
2 2559
2 2560
2 2563
2 2567
2 2568
2 2569
2 2571
2 2574
2 2576
2 2577
2 2578
2 2581
2 2582
2 2583
2 2584
2 2585
2 2587
2 2593
2 2595
2 2596
2 2598
2 2599
2 2605
2 2607
2 2608
2 2612
2 2613
2 2614
2 2615
2 2618
2 2621
2 2622
2 2624
2 2625
2 2626
2 2630
2 2631
2 2633
2 2636
2 2639
2 2641
2 2642
2 2645
2 2646
2 2649
2 2650
2 2651
2 2653
2 2655
2 2656
2 2657
2 2659
2 2660
2 2661
2 2664
2 2666
2 2669
2 2671
2 2673
2 2675
2 2679
2 2680
2 2681
2 2682
2 2683
2 2686
2 2690
2 2691
2 2692
2 2694
2 2695
2 2696
2 2697
2 2700
2 2701
2 2702
2 2704
2 2706
2 2709
2 2722
2 2724
2 2725
2 2726
2 2727
2 2728
2 2734
2 2737
2 2738
2 2739
2 2740
2 2741
2 2742
2 2748
2 2749
2 2794
2 2821
2 2843
2 2857
2 2872
2 2888
2 2891
2 2904
2 2915
2 2918
2 2928
2 2945
2 2978
2 2979
2 2983
2 2984
2 2990
2 3011
2 3030
2 3049
2 3051
2 3060
2 3061
2 3067
2 3071
2 3074
2 3077
2 3253
2 3446
2 3573
2 3585
2 3597
2 3644
2 3645
2 3646
2 3722
2 3820
2 3821
2 3880
2 4886
2 4999
2 5130
2 5180
2 5229
2 5231
2 5251
2 5300
2 5307
2 5319
2 5323
2 5325
2 5328
2 5333
2 5490
2 5515
2 5517
2 5574
2 5635
2 5731
2 5733
2 5735
2 5737
2 5738
2 5739
2 5740
2 5741
2 5743
2 5766
2 5767
2 5769
2 5771
2 5772
2 5775
2 5776
2 5780
2 5781
2 5782
2 5783
2 5785
2 5795
2 5797
2 5799
2 5800
2 5803
2 5808
2 5809
2 5811
2 5813
2 5817
2 5818
2 5819
2 5841
2 5959
2 5960
2 5961
2 5963
2 5965
2 5966
2 5968
2 5969
2 5970
2 5971
2 5972
2 5973
2 5974
2 5975
2 5976
2 5977
2 5978
2 5979
2 5980
2 5981
2 5982
2 5983
2 5984
2 5985
2 5986
2 5987
2 5988
2 5989
2 5990
2 5991
2 5992
2 5993
2 5994
2 5995
2 5996
2 5997
2 5998
2 5999
2 6000
2 6001
2 6002
2 6003
2 6004
2 6005
2 6006
2 6007
2 6008
2 6009
2 6010
2 6012
2 6016
2 6018
2 6019
2 6023
2 6027
2 6029
2 6032
2 6035
2 6036
2 6039
2 6047
2 6074
2 6075
2 6237
2 6357
2 6361
2 6402
2 6474
2 6488
2 6520
2 6521
2 6522
2 6523
2 6524
2 6525
2 6527
2 6528
2 6529
2 6530
2 6531
2 6532
2 6533
2 6534
2 6535
2 6536
2 6537
2 6538
2 6539
2 6540
2 6541
2 6542
2 6543
2 6544
2 6545
2 6546
2 6548
2 6549
2 6550
2 6551
2 6552
2 6553
2 6554
2 6555
2 6556
2 6559
2 6560
2 6561
2 6566
2 6569
2 6570
2 6571
2 6573
2 6580
2 6583
2 6585
2 6588
2 6589
2 6593
2 6594
2 6598
2 6599
2 6600
2 6606
2 6607
2 6609
2 6610
2 6612
2 6615
2 6617
2 6621
2 6622
2 6623
2 6627
2 6630
2 6632
2 6635
2 6637
2 6638
2 6644
2 6647
2 6656
2 6664
2 6669
2 6670
2 6675
2 6679
2 6689
2 6691
2 6702
2 6704
2 6707
2 6715
2 6724
2 6726
2 6738
2 6743
2 6744
2 6780
2 6793
2 6794
2 6795
2 6796
2 6798
2 6799
2 6800
2 6801
2 6802
2 6803
2 6804
2 6805
2 6806
2 6807
2 6808
2 6809
2 6810
2 6811
2 6812
2 6813
2 6814
2 6815
2 6816
2 6817
2 6818
2 6819
2 6820
2 6821
2 6822
2 6823
2 6824
2 6825
2 6826
2 6827
2 6828
2 6829
2 6830
2 6831
2 6832
2 6834
2 6835
2 6836
2 6837
2 6838
2 6839
2 6840
2 6841
2 6842
2 6843
2 6844
2 6845
2 6846
2 6848
2 6849
2 6851
2 6852
2 6853
2 6854
2 6855
2 6856
2 6857
2 6858
2 6859
2 6860
2 6861
2 6862
2 6863
2 6864
2 6865
2 6866
2 6867
2 6869
2 6870
2 6871
2 6872
2 6873
2 6874
2 6875
2 6876
2 6877
2 6878
2 6879
2 6880
2 6881
2 6883
2 6887
2 6888
2 6889
2 6890
2 6896
2 6897
2 6901
2 6902
2 6903
2 6904
2 6907
2 6909
2 54
2 6911
2 6912
2 6915
2 6916
2 6917
2 6919
2 6920
2 6922
2 6923
2 6924
2 6925
2 6926
2 6927
2 6929
2 6930
2 6931
2 6932
2 6934
2 6935
2 6936
2 6937
2 6938
2 6939
2 6940
2 6942
2 6943
2 6945
2 6948
2 6950
2 6951
2 6952
2 6953
2 6954
2 6955
2 6956
2 6957
2 6962
2 6963
2 6964
2 6965
2 6966
2 6967
2 6968
2 6969
2 6972
2 6973
2 6975
2 6976
2 6977
2 6978
2 6979
2 6980
2 6981
2 6983
2 6984
2 6985
2 6986
2 6988
2 6989
2 6991
2 6994
2 6996
2 6997
2 6998
2 6999
2 7001
2 7005
2 7009
2 7016
2 7017
2 7018
2 7020
2 7021
2 7027
2 7029
2 7031
2 7033
2 7034
2 7037
2 7039
2 7040
2 7042
2 7044
2 7046
2 7047
2 7049
2 7051
2 7052
2 7053
2 7054
2 7056
2 7057
2 7058
2 7061
2 7073
2 7084
2 7088
2 7097
2 7098
2 7147
2 7155
2 7160
2 7161
2 7162
2 7169
2 7174
2 7176
2 7179
2 7184
2 7188
2 7194
2 7203
2 7215
2 7221
2 7228
2 7234
2 7246
2 7256
2 7258
2 7264
2 7279
2 7281
2 7284
2 7291
2 7292
2 7295
2 7303
2 7305
2 7306
2 7307
2 7310
2 7311
2 7322
2 7335
2 7336
2 7337
2 7338
2 7346
2 7349
2 7359
2 7368
2 7372
2 7375
2 7376
2 7378
2 7391
2 7392
2 7393
2 7400
2 7407
2 7410
2 7411
2 7412
2 7420
2 7422
2 7424
2 7426
2 7438
2 7441
2 7446
2 7448
2 7449
2 7460
2 7462
2 7464
2 7473
2 7475
2 7479
2 7480
2 7489
2 7496
2 7497
2 7503
2 7510
2 7513
2 7516
2 7525
2 7529
2 7530
2 7539
2 7541
2 7543
2 7553
2 7556
2 7558
2 7562
2 7564
2 7565
2 7569
2 7570
2 7573
2 7577
2 7580
2 7585
2 7586
2 7587
2 7590
2 7591
2 7592
2 7593
2 7595
2 7597
2 7598
2 7599
2 7602
2 7610
2 7612
2 7613
2 7618
2 7619
2 7621
2 7622
2 7625
2 7628
2 7630
2 7636
2 7638
2 7639
2 7641
2 7645
2 7647
2 7649
2 7654
2 7657
2 7660
2 7661
2 7662
2 7664
2 7666
2 7668
2 7670
2 7672
2 7684
2 7688
2 7689
2 7690
2 7691
2 7699
2 7701
2 7702
2 7704
2 7706
2 7708
2 7711
2 7713
2 7716
2 7717
2 7725
2 7726
2 7727
2 7729
2 7731
2 7733
2 7736
2 7737
2 7738
2 7742
2 7743
2 7744
2 7748
2 7749
2 7750
2 7785
2 7798
2 7813
2 7814
2 7815
2 7820
2 7826
2 7830
2 7831
2 7843
2 7856
2 7857
2 7864
2 7871
2 7874
2 7878
2 7879
2 7893
2 7909
2 7915
2 7923
2 7926
2 7933
2 7935
2 7937
2 7943
2 7945
2 7955
2 7957
2 7959
2 7964
2 7966
2 7976
2 7977
2 7987
2 7997
2 8027
2 3511
2 8038
2 8039
2 8040
2 8071
2 8093
2 8125
2 8148
2 8151
2 8166
2 8167
2 8172
2 8200
2 8207
2 8209
2 8210
2 8274
2 8300
2 8309
2 8317
2 8385
2 8403
2 8406
2 8410
2 8420
2 8511
2 8517
2 8591
2 8603
2 8607
2 8609
2 8619
2 8630
2 8652
2 9148
2 9180
2 9186
2 9238
2 9264
2 9284
2 9285
2 9287
2 9288
2 9289
2 9291
2 9294
2 9296
2 9297
2 9317
2 9535
2 9553
2 9562
2 9567
2 9582
2 9590
2 9789
2 9813
2 9890
2 10068
4 5
4 6
4 11
4 12
4 13
4 15
4 17
4 18
4 19
4 27
4 35
4 53
4 68
4 163
4 182
4 417
4 897
4 1292
4 1300
4 1320
4 1903
4 1915
4 1916
4 1918
4 1924
4 2034
4 2670
4 2708
4 6453
4 6461
4 6468
4 6469
4 6472
4 6479
4 7949
4 7951
4 7961
4 7975
4 7980
4 7985
4 7989
4 8160
4 8163
4 8164
4 8165
4 8179
4 9029
4 9249
4 9964
4 10087
4 10088
4 10092
4 10294
8 9
8 407
8 409
8 425
8 469
8 473
8 1115
8 1383
8 1384
8 1708
8 1716
8 1835
8 1842
8 2693
8 2782
8 3252
8 3255
8 3256
8 3257
8 3258
8 3259
8 3260
8 3261
8 3262
8 3263
8 3264
8 3265
8 3266
8 3267
8 3268
8 3269
8 3270
8 3271
8 3272
8 3273
8 3274
8 3275
8 3276
8 3277
8 3278
8 3279
8 3280
8 3281
8 3282
8 3283
8 3284
8 3285
8 3286
8 3287
8 3288
8 3289
8 3290
8 3291
8 3292
8 3293
8 3294
8 3296
8 3297
8 3298
8 3299
8 3300
8 3301
8 3302
8 3303
8 3304
8 3305
8 3306
8 3307
8 3309
8 3310
8 3311
8 3312
8 3313
8 3314
8 3315
8 3316
8 3317
8 3318
8 3319
8 3320
8 3321
8 3322
8 3323
8 3324
8 3325
8 3326
8 3327
8 3328
8 3329
8 3330
8 3331
8 3332
8 3333
8 3334
8 3335
8 3336
8 3337
8 3338
8 3339
8 3340
8 3341
8 3342
8 3343
8 3344
8 3345
8 3346
8 3347
8 3348
8 3349
8 3350
8 3351
8 3352
8 3353
8 3354
8 3355
8 3356
8 3357
8 3358
8 3359
8 3360
8 3361
8 3362
8 3363
8 3364
8 3365
8 3366
8 3368
8 3369
8 3371
8 3372
8 3373
8 3374
8 3375
8 3376
8 3377
8 3378
8 3380
8 3381
8 3382
8 3383
8 3384
8 3385
8 3386
8 3387
8 3388
8 3389
8 3390
8 3391
8 3392
8 3393
8 3394
8 3395
8 3396
8 3397
8 3399
8 3400
8 3401
8 3402
8 3403
8 3404
8 3405
8 3406
8 3407
8 3408
8 3409
8 3410
8 3411
8 3412
8 3413
8 3414
8 3415
8 3417
8 3418
8 3419
8 3420
8 3421
8 3422
8 3423
8 3424
8 3425
8 3426
8 3427
8 3428
8 3429
8 3430
8 3431
8 3432
8 3433
8 3434
8 3435
8 3436
8 3437
8 3438
8 3439
8 3441
8 3443
8 3444
8 3445
8 3447
8 3448
8 3449
8 3450
8 3451
8 3452
8 3453
8 3454
8 3455
8 3456
8 3457
8 3458
8 3459
8 3460
8 3461
8 3462
8 3463
8 3464
8 3465
8 3466
8 3467
8 3468
8 3469
8 3470
8 3471
8 3472
8 3473
8 3474
8 3476
8 3477
8 3478
8 3479
8 3480
8 3481
8 3482
8 3483
8 3485
8 3486
8 3487
8 3488
8 3489
8 3490
8 3491
8 3492
8 3493
8 3494
8 3495
8 3496
8 3498
8 3499
8 3500
8 3502
8 3503
8 3504
8 3505
8 3506
8 3507
8 3508
8 3509
8 3510
8 3511
8 3512
8 3513
8 3514
8 3515
8 3516
8 3517
8 3518
8 3519
8 3520
8 3521
8 3523
8 3524
8 3525
8 3526
8 3527
8 3528
8 3529
8 3530
8 3531
8 3532
8 3533
8 3534
8 3535
8 3536
8 3537
8 3538
8 3539
8 3540
8 3541
8 3542
8 3544
8 3546
8 3547
8 3548
8 3549
8 3550
8 3551
8 3552
8 3553
8 3554
8 3555
8 3556
8 3557
8 3558
8 3559
8 3560
8 3561
8 3563
8 3564
8 3565
8 3566
8 3567
8 3568
8 3569
8 3570
8 3571
8 3572
8 3574
8 3575
8 3577
8 3578
8 3579
8 646
8 3580
8 3581
8 3582
8 3586
8 3587
8 3588
8 3589
8 3590
8 3591
8 3592
8 3593
8 3595
8 3596
8 674
8 3598
8 3599
8 3600
8 3601
8 3602
8 3603
8 3604
8 3605
8 3606
8 3607
8 3608
8 3609
8 3610
8 3611
8 3612
8 3613
8 3614
8 3615
8 3616
8 3617
8 3618
8 3619
8 3620
8 3621
8 3623
8 3624
8 3625
8 3626
8 3627
8 3628
8 3629
8 3631
8 3632
8 3633
8 3635
8 3636
8 3637
8 3638
8 3639
8 3640
8 3641
8 3642
8 3652
8 3654
8 3660
8 3670
8 3675
8 3693
8 3698
8 3699
8 3701
8 3704
8 3705
8 3707
8 3712
8 3713
8 3714
8 3715
8 3716
8 3717
8 3719
8 3723
8 3727
8 3728
8 3731
8 3740
8 3741
8 3742
8 3748
8 3749
8 3754
8 3755
8 3760
8 3776
8 3782
8 3800
8 3801
8 3803
8 3805
8 3807
8 3809
8 3823
8 3824
8 3884
8 4225
8 4564
8 4755
8 4828
8 4844
8 4870
8 4943
8 4973
8 5032
8 5084
8 5144
8 5162
8 5263
8 5265
8 5396
8 5421
8 5462
8 5466
8 5494
8 5522
8 5523
8 5527
8 5548
8 5549
8 5610
8 5627
8 5629
8 5641
8 5642
8 5647
8 5673
8 5693
8 5695
8 5711
8 5723
8 5777
8 5814
8 5846
8 5878
8 6327
8 6365
8 6649
8 7551
8 7745
8 7968
8 7984
8 8192
8 8198
8 8219
8 8254
8 8313
8 8340
8 8388
8 9051
8 9119
8 9272
8 9708
20 21
20 85
20 141
20 152
20 166
20 167
20 341
20 398
20 436
20 523
20 532
20 536
20 557
20 567
20 854
20 984
20 1128
20 1305
20 1444
20 1450
20 1534
20 1567
20 1568
20 1569
20 1571
20 1572
20 1574
20 1576
20 1577
20 1578
20 1579
20 1580
20 1581
20 1582
20 1583
20 1584
20 1585
20 1586
20 1587
20 1588
20 1589
20 1590
20 1592
20 1594
20 1595
20 1596
20 752
20 1597
20 1598
20 1599
20 1601
20 1602
20 1603
20 1604
20 1606
20 1607
20 1608
20 1609
20 1610
20 1611
20 1612
20 1613
20 1614
20 1615
20 1617
20 1618
20 1619
20 1620
20 1621
20 1622
20 1624
20 1625
20 1626
20 1628
20 1629
20 1630
20 1631
20 1632
20 1633
20 1634
20 1635
20 1637
20 1638
20 1639
20 1640
20 1641
20 1642
20 1643
20 1644
20 1646
20 1648
20 1649
20 1650
20 1652
20 1653
20 1654
20 1655
20 1656
20 1657
20 1658
20 1659
20 1660
20 1661
20 1664
20 1666
20 1668
20 1669
20 1670
20 1671
20 1672
20 1674
20 1675
20 1676
20 1677
20 1678
20 1679
20 1680
20 1681
20 1682
20 1683
20 1685
20 1686
20 1688
20 1689
20 1690
20 1694
20 1697
20 1698
20 1699
20 1701
20 1704
20 1707
20 1709
20 1710
20 1712
20 1714
20 1717
20 1718
20 1719
20 1723
20 1725
20 1726
20 1727
20 1728
20 1729
20 1731
20 1732
20 1733
20 1734
20 1737
20 1738
20 1747
20 1749
20 1750
20 1752
20 1755
20 1757
20 1758
20 1759
20 1760
20 1762
20 1764
20 1765
20 1771
20 1774
20 1775
20 1776
20 1777
20 1778
20 1779
20 1784
20 1785
20 1786
20 1787
20 1788
20 1790
20 1791
20 1792
20 1793
20 1794
20 1795
20 1796
20 1798
20 1799
20 1801
20 1803
20 1806
20 1807
20 1809
20 1811
20 1814
20 1815
20 1816
20 1817
20 1819
20 1820
20 1837
20 1838
20 1839
20 1841
20 1843
20 1844
20 1849
20 1850
20 1852
20 1854
20 1855
20 1861
20 1864
20 1865
20 1876
20 1906
20 1909
20 1911
20 1917
20 1921
20 1929
20 1933
20 2021
20 2033
20 2035
20 2088
20 2139
20 2146
20 2240
20 2257
20 2258
20 2259
20 2260
20 2261
20 2262
20 2263
20 2264
20 2265
20 2266
20 2267
20 2268
20 2269
20 2270
20 2271
20 2272
20 2273
20 2274
20 2275
20 2276
20 2277
20 2278
20 2279
20 2280
20 2281
20 2282
20 2283
20 2284
20 2285
20 2286
20 2288
20 2289
20 2290
20 511
20 2291
20 2292
20 2295
20 2296
20 2300
20 2301
20 2512
20 2530
20 2532
20 2541
20 2195
20 2586
20 2588
20 2591
20 2603
20 2611
20 2640
20 2667
20 2674
20 2730
20 2735
20 2911
20 2974
20 3004
20 3010
20 3037
20 3064
20 3095
20 3238
20 3251
20 3711
20 3718
20 3734
20 3738
20 3743
20 3744
20 3745
20 3746
20 3750
20 3751
20 3752
20 3753
20 3756
20 3757
20 3758
20 3761
20 3764
20 3766
20 3767
20 3769
20 3770
20 3773
20 3774
20 3775
20 3777
20 3779
20 3780
20 3781
20 3784
20 3785
20 3786
20 3788
20 3789
20 3790
20 3795
20 3796
20 3799
20 3806
20 3819
20 3831
20 3832
20 3833
20 3834
20 3835
20 3836
20 3837
20 3838
20 3839
20 3840
20 3841
20 3842
20 3843
20 3844
20 3845
20 3846
20 3847
20 3848
20 3849
20 3850
20 3851
20 3852
20 3853
20 3854
20 3855
20 3856
20 3857
20 3858
20 3859
20 3860
20 3861
20 3862
20 3863
20 3864
20 3865
20 3866
20 3867
20 3868
20 3870
20 3872
20 3873
20 3874
20 3875
20 3876
20 3877
20 3878
20 3879
20 3881
20 3882
20 3885
20 3886
20 3887
20 3888
20 3890
20 3891
20 3893
20 3895
20 595
20 3897
20 3898
20 3899
20 3900
20 3901
20 3902
20 3903
20 3904
20 3905
20 3906
20 3907
20 3908
20 3909
20 3910
20 3911
20 3912
20 3913
20 3914
20 3915
20 3916
20 3917
20 3918
20 3919
20 3920
20 3921
20 3922
20 3923
20 3924
20 3925
20 3926
20 3927
20 3928
20 3929
20 3930
20 3931
20 3932
20 3933
20 3934
20 3935
20 3936
20 3937
20 3938
20 3939
20 3940
20 3941
20 3942
20 3943
20 3944
20 3945
20 3946
20 3947
20 3948
20 3949
20 3950
20 3951
20 3952
20 3953
20 3954
20 3955
20 3956
20 3957
20 3958
20 3959
20 3960
20 3961
20 3962
20 3963
20 3964
20 3965
20 3966
20 3967
20 3968
20 3969
20 3970
20 3971
20 3972
20 3973
20 3974
20 3975
20 3976
20 3977
20 3978
20 3979
20 3980
20 3981
20 3982
20 3983
20 3984
20 3985
20 3986
20 3987
20 3988
20 3989
20 3990
20 3991
20 3992
20 3993
20 3994
20 3995
20 3996
20 3997
20 3998
20 3999
20 4000
20 4001
20 4002
20 4003
20 4004
20 4005
20 4006
20 4007
20 4008
20 4009
20 4010
20 4011
20 4012
20 4013
20 4014
20 4015
20 4016
20 4017
20 4018
20 4019
20 4020
20 4021
20 4022
20 4023
20 4024
20 4025
20 4026
20 4027
20 4028
20 4029
20 4030
20 4031
20 4032
20 4033
20 4034
20 4035
20 4036
20 4037
20 4038
20 4039
20 4040
20 4041
20 4042
20 4043
20 4044
20 4045
20 4046
20 4047
20 4048
20 4049
20 4050
20 4051
20 4052
20 4053
20 4054
20 4055
20 4056
20 4057
20 4058
20 4059
20 4061
20 4062
20 4063
20 4064
20 4065
20 4066
20 4067
20 4068
20 4069
20 4070
20 4071
20 4072
20 4073
20 4074
20 4075
20 4076
20 4077
20 4078
20 4079
20 4080
20 4082
20 4083
20 4085
20 4086
20 4088
20 4091
20 4093
20 4094
20 4095
20 4096
20 4097
20 4098
20 4099
20 4101
20 4102
20 4103
20 4104
20 4105
20 4106
20 4109
20 4110
20 4111
20 4112
20 4113
20 4114
20 4115
20 4116
20 4117
20 4119
20 4120
20 4121
20 4122
20 4123
20 4124
20 4126
20 4127
20 4128
20 4129
20 4130
20 4131
20 4132
20 4133
20 4135
20 4136
20 4137
20 4138
20 4140
20 4141
20 4142
20 4143
20 4144
20 4145
20 4147
20 4148
20 4149
20 4150
20 4151
20 4152
20 4153
20 4154
20 4155
20 4156
20 4158
20 4159
20 4160
20 4161
20 4163
20 4164
20 4165
20 4166
20 4168
20 4169
20 4170
20 4171
20 4172
20 4173
20 4174
20 4175
20 4176
20 4177
20 1158
20 4179
20 4180
20 1926
20 4181
20 4182
20 4187
20 4189
20 4190
20 4191
20 4192
20 4194
20 4195
20 4196
20 4199
20 4200
20 4201
20 4202
20 4203
20 4204
20 4206
20 4207
20 4208
20 4209
20 4210
20 4213
20 4214
20 4215
20 4216
20 4217
20 4218
20 4219
20 4220
20 4221
20 4222
20 4223
20 4224
20 4226
20 4227
20 4228
20 4230
20 4232
20 4233
20 4236
20 4237
20 4239
20 4240
20 4242
20 4243
20 4245
20 4246
20 4247
20 4248
20 4250
20 4251
20 4252
20 4253
20 4255
20 4256
20 4257
20 4259
20 4260
20 4261
20 4262
20 4264
20 4265
20 4266
20 4267
20 4268
20 4269
20 4270
20 4244
20 4271
20 4272
20 4273
20 4274
20 4275
20 4276
20 4277
20 4278
20 4279
20 4281
20 4282
20 4283
20 4284
20 4285
20 4286
20 4287
20 4288
20 4289
20 4290
20 4291
20 4292
20 4293
20 4294
20 4295
20 4296
20 4297
20 4298
20 4299
20 4300
20 4301
20 4302
20 4303
20 4304
20 4305
20 4306
20 4307
20 4308
20 4309
20 4311
20 4312
20 4314
20 4315
20 4316
20 4318
20 4319
20 4320
20 4321
20 4324
20 4325
20 4326
20 4327
20 4328
20 4329
20 4330
20 4331
20 4332
20 4333
20 4334
20 4335
20 4336
20 4337
20 4339
20 4340
20 4341
20 4343
20 4344
20 4345
20 4346
20 4349
20 4350
20 4351
20 4352
20 4355
20 4356
20 4357
20 4358
20 4359
20 4360
20 4361
20 4362
20 4363
20 4365
20 4366
20 4367
20 4368
20 4369
20 4370
20 4371
20 4372
20 4373
20 4374
20 4375
20 4376
20 4377
20 4378
20 4379
20 4380
20 4381
20 4382
20 4383
20 4384
20 4385
20 4386
20 570
20 4388
20 4389
20 4390
20 4391
20 4392
20 4393
20 4394
20 4395
20 4396
20 4397
20 4398
20 4399
20 4400
20 4401
20 4402
20 4403
20 4404
20 4405
20 4406
20 4407
20 4409
20 4410
20 4412
20 4413
20 4414
20 4415
20 2827
20 4417
20 4418
20 4419
20 4420
20 4421
20 4422
20 4423
20 4424
20 4425
20 4426
20 4427
20 4428
20 4429
20 4430
20 4431
20 4432
20 4433
20 4434
20 4436
20 4438
20 4439
20 4440
20 4441
20 4442
20 4443
20 4444
20 4445
20 4446
20 4447
20 4448
20 4449
20 4450
20 4451
20 4452
20 4453
20 4454
20 4455
20 4456
20 4457
20 4459
20 4460
20 4461
20 4462
20 4463
20 4464
20 4465
20 4466
20 4467
20 4468
20 4469
20 4470
20 4471
20 4472
20 4473
20 4474
20 4475
20 4476
20 4477
20 4480
20 4481
20 4482
20 4483
20 4484
20 4485
20 4486
20 4487
20 4488
20 4489
20 4490
20 4491
20 4492
20 4493
20 4494
20 4495
20 4496
20 4497
20 4498
20 4499
20 4500
20 4501
20 4502
20 4503
20 4504
20 4505
20 4506
20 4507
20 4508
20 4510
20 4511
20 4512
20 4513
20 4514
20 4515
20 4516
20 4517
20 4518
20 4519
20 4520
20 4521
20 4522
20 4523
20 4524
20 4525
20 4526
20 4527
20 4528
20 4529
20 4530
20 4531
20 4532
20 4533
20 4534
20 4535
20 4536
20 4537
20 4538
20 4539
20 4540
20 4541
20 4542
20 4543
20 4544
20 4545
20 4546
20 4547
20 4548
20 4550
20 4551
20 4552
20 4553
20 4554
20 4555
20 4556
20 4557
20 4558
20 4559
20 4561
20 4562
20 4563
20 4565
20 4566
20 4567
20 4568
20 4569
20 4570
20 4571
20 4572
20 4573
20 4574
20 4575
20 4576
20 4577
20 4578
20 4579
20 4580
20 4581
20 4582
20 4583
20 4584
20 4585
20 4586
20 4587
20 4588
20 4589
20 4590
20 4591
20 4592
20 4593
20 4594
20 4595
20 4596
20 4597
20 4598
20 4599
20 4600
20 4601
20 4602
20 4603
20 4604
20 4605
20 4606
20 4607
20 4608
20 4609
20 4610
20 4611
20 4612
20 4613
20 4614
20 4615
20 4616
20 4617
20 4618
20 4619
20 4620
20 4621
20 4622
20 4623
20 4624
20 4625
20 4626
20 4627
20 4628
20 4629
20 4630
20 4631
20 4632
20 4633
20 4634
20 4635
20 4636
20 4637
20 4638
20 4639
20 4640
20 4641
20 4642
20 4643
20 4644
20 4645
20 4646
20 4647
20 4648
20 4649
20 4650
20 4651
20 4652
20 4653
20 4654
20 4655
20 4656
20 4657
20 4658
20 4659
20 4660
20 4661
20 4662
20 4663
20 4664
20 4665
20 4666
20 4667
20 4668
20 4669
20 4670
20 4671
20 4672
20 56
20 4673
20 4674
20 4675
20 4676
20 4677
20 4678
20 4679
20 4680
20 4681
20 4682
20 4683
20 4684
20 4685
20 4686
20 4687
20 4688
20 4689
20 4690
20 4691
20 4692
20 4693
20 4694
20 4695
20 4696
20 4697
20 4698
20 4699
20 4700
20 4701
20 4702
20 4703
20 99
20 4704
20 4705
20 4706
20 4707
20 4708
20 4709
20 4710
20 4711
20 4712
20 4713
20 4714
20 4715
20 4716
20 4717
20 4718
20 4719
20 4720
20 4721
20 4722
20 4723
20 4724
20 4725
20 4726
20 4727
20 4728
20 4729
20 4730
20 4731
20 4733
20 4734
20 4735
20 4736
20 4737
20 4738
20 4739
20 4740
20 4741
20 4742
20 4743
20 4744
20 4745
20 4746
20 4747
20 4748
20 4749
20 4750
20 4751
20 4752
20 4753
20 4754
20 4756
20 4757
20 4758
20 4759
20 4760
20 4761
20 4762
20 4763
20 4764
20 4765
20 4766
20 4767
20 4768
20 4769
20 4770
20 4771
20 4772
20 4773
20 4775
20 916
20 4776
20 4777
20 4778
20 4779
20 4780
20 4781
20 4782
20 4783
20 4784
20 4785
20 4786
20 4787
20 4788
20 4789
20 4790
20 4792
20 4793
20 4794
20 4795
20 4796
20 4797
20 4800
20 4801
20 4802
20 4804
20 4805
20 4806
20 4807
20 4808
20 4809
20 4810
20 4811
20 4812
20 4813
20 4814
20 4815
20 4816
20 4817
20 4818
20 4819
20 4820
20 4821
20 4822
20 4823
20 4824
20 4825
20 4826
20 4827
20 4829
20 4830
20 4831
20 4832
20 4833
20 4834
20 4835
20 4836
20 4838
20 4839
20 4840
20 4841
20 4842
20 4843
20 4845
20 4846
20 4847
20 4848
20 4849
20 4850
20 4851
20 4852
20 4853
20 4854
20 4855
20 4856
20 4858
20 4859
20 4860
20 4861
20 4862
20 4864
20 4865
20 4866
20 4867
20 4868
20 4869
20 4871
20 4872
20 4873
20 4875
20 4876
20 4877
20 4878
20 4879
20 4880
20 4881
20 4882
20 4883
20 4884
20 4885
20 4887
20 4888
20 4889
20 4890
20 4891
20 4892
20 4893
20 4894
20 4895
20 4896
20 4897
20 4898
20 4899
20 4900
20 4901
20 4902
20 4903
20 4905
20 4906
20 4907
20 4908
20 4909
20 4910
20 4911
20 4912
20 4913
20 4914
20 4915
20 4916
20 4917
20 4918
20 4919
20 4920
20 4921
20 4922
20 4923
20 4924
20 4925
20 4926
20 4927
20 4928
20 4929
20 4930
20 4931
20 4932
20 4933
20 4934
20 4935
20 4936
20 4937
20 4938
20 4939
20 4940
20 4941
20 4942
20 4944
20 4945
20 4946
20 4947
20 4948
20 4949
20 4950
20 4951
20 4952
20 4953
20 4954
20 4955
20 4956
20 4958
20 4959
20 4960
20 4961
20 4962
20 4964
20 4965
20 4966
20 4968
20 4969
20 4970
20 4971
20 4972
20 4974
20 1074
20 4976
20 4977
20 4978
20 4979
20 4980
20 4982
20 4983
20 4986
20 4987
20 4988
20 4989
20 4991
20 4992
20 4993
20 4994
20 4995
20 4996
20 4997
20 4998
20 5000
20 5001
20 5002
20 5003
20 5004
20 5005
20 5006
20 5007
20 5008
20 5009
20 5010
20 5011
20 5013
20 5014
20 5015
20 5016
20 5019
20 5020
20 5021
20 5022
20 5023
20 5024
20 5025
20 5026
20 5027
20 5028
20 5029
20 5030
20 5031
20 204
20 5033
20 5034
20 5035
20 5036
20 5037
20 5038
20 5039
20 5040
20 5041
20 5045
20 5046
20 5047
20 5048
20 5049
20 5050
20 5051
20 5052
20 5053
20 1452
20 5055
20 5058
20 5059
20 5060
20 5061
20 5062
20 5063
20 5065
20 5066
20 5067
20 5068
20 5069
20 5070
20 5071
20 5073
20 5074
20 5076
20 5077
20 5079
20 5080
20 5081
20 5082
20 5083
20 5085
20 5086
20 5087
20 5088
20 5089
20 5090
20 5091
20 5092
20 5093
20 5094
20 5095
20 5096
20 5098
20 5099
20 5100
20 5101
20 5102
20 5103
20 5104
20 5105
20 5106
20 5107
20 5108
20 5109
20 5110
20 5111
20 5112
20 5114
20 5115
20 5116
20 5117
20 5119
20 5120
20 5121
20 5123
20 5124
20 5125
20 5126
20 5127
20 5128
20 5129
20 5133
20 5134
20 5135
20 5136
20 5137
20 5138
20 5139
20 5140
20 5141
20 5142
20 5143
20 5146
20 5147
20 5148
20 5149
20 5151
20 5153
20 5154
20 5155
20 5156
20 5157
20 5158
20 5159
20 5160
20 5161
20 5163
20 5164
20 5165
20 5167
20 5168
20 5169
20 5170
20 5171
20 5172
20 5173
20 5174
20 5175
20 5176
20 5177
20 5178
20 5179
20 5181
20 5182
20 5183
20 5184
20 5185
20 5186
20 5187
20 5188
20 5189
20 5190
20 5191
20 5192
20 5193
20 5194
20 5195
20 5196
20 5197
20 5199
20 5200
20 5202
20 5203
20 5204
20 5205
20 5206
20 5207
20 5208
20 5209
20 5211
20 5212
20 5213
20 5216
20 5218
20 5219
20 5220
20 5221
20 5222
20 5223
20 5224
20 5226
20 5228
20 5230
20 5232
20 5233
20 5234
20 5235
20 5236
20 5237
20 5238
20 5240
20 5241
20 5244
20 5245
20 5246
20 5247
20 5248
20 5250
20 5253
20 5254
20 5255
20 5257
20 5258
20 5259
20 5260
20 5262
20 5266
20 3129
20 5267
20 5268
20 5269
20 5271
20 5274
20 5276
20 5277
20 5278
20 5279
20 5280
20 5282
20 5283
20 5284
20 5285
20 5287
20 5289
20 5290
20 5291
20 5292
20 5294
20 3372
20 498
20 5296
20 5297
20 5299
20 5301
20 5302
20 5304
20 5305
20 5306
20 5309
20 5310
20 5311
20 5314
20 5316
20 5317
20 5320
20 5321
20 5322
20 5324
20 5327
20 5329
20 5332
20 5417
20 5420
20 5426
20 5434
20 5436
20 5437
20 5440
20 5449
20 5451
20 5452
20 5455
20 5458
20 5459
20 5464
20 5467
20 5468
20 5471
20 5474
20 5475
20 5476
20 5477
20 5478
20 5480
20 5481
20 5484
20 5485
20 5486
20 5488
20 5489
20 5492
20 5495
20 5496
20 5499
20 5501
20 5503
20 5506
20 5508
20 5509
20 5510
20 5512
20 5513
20 5514
20 5516
20 5519
20 5520
20 5521
20 5524
20 5525
20 5528
20 5529
20 5530
20 5531
20 5532
20 5534
20 5535
20 5538
20 5540
20 5541
20 5542
20 5543
20 5544
20 5547
20 5553
20 5554
20 5558
20 5560
20 5570
20 5571
20 5573
20 5590
20 5592
20 5593
20 5598
20 5600
20 5602
20 5605
20 5607
20 5608
20 5612
20 5614
20 5616
20 5617
20 5623
20 5624
20 5631
20 5634
20 5636
20 5645
20 5646
20 5649
20 5651
20 5658
20 5665
20 5668
20 5670
20 5675
20 5676
20 5678
20 5679
20 5680
20 5682
20 5686
20 5687
20 5689
20 5692
20 5694
20 5696
20 5697
20 5698
20 5714
20 5722
20 5726
20 5732
20 5734
20 5742
20 5744
20 5747
20 5749
20 5750
20 5751
20 5752
20 5753
20 5754
20 5755
20 5756
20 5757
20 5758
20 5759
20 5760
20 5761
20 5762
20 5764
20 5765
20 5770
20 5773
20 5774
20 5778
20 5779
20 5784
20 5786
20 5787
20 5788
20 5789
20 5790
20 5791
20 5793
20 5796
20 5801
20 5802
20 5804
20 5806
20 5807
20 1322
20 5815
20 5816
20 5820
20 5821
20 5822
20 5823
20 5824
20 5831
20 5833
20 5835
20 5836
20 5838
20 5840
20 5842
20 1939
20 5847
20 5849
20 5850
20 5851
20 5853
20 5854
20 5855
20 5856
20 5857
20 5858
20 5859
20 5860
20 5861
20 5730
20 5862
20 5863
20 5864
20 5865
20 5866
20 5867
20 5868
20 5869
20 5870
20 5871
20 5872
20 5873
20 5875
20 5876
20 5877
20 5879
20 5880
20 5881
20 5882
20 5883
20 5884
20 5885
20 5886
20 5887
20 5888
20 5890
20 5891
20 5892
20 5893
20 818
20 5894
20 5895
20 5896
20 5897
20 5898
20 5899
20 5901
20 5902
20 5903
20 5904
20 5905
20 5906
20 5907
20 5908
20 5909
20 5910
20 5911
20 5912
20 5913
20 5914
20 5915
20 5916
20 5917
20 5918
20 5919
20 5920
20 5921
20 5922
20 5923
20 5924
20 5925
20 3045
20 5926
20 5927
20 5928
20 5929
20 5930
20 5933
20 5934
20 5935
20 5936
20 5937
20 5939
20 5940
20 5941
20 5942
20 5943
20 5944
20 5945
20 5946
20 5947
20 5949
20 5950
20 5951
20 5952
20 5953
20 5954
20 5955
20 5967
20 6013
20 6014
20 6024
20 6030
20 6031
20 6033
20 6040
20 6042
20 6043
20 6058
20 6064
20 6068
20 6123
20 6132
20 6133
20 6135
20 6138
20 6139
20 6141
20 6142
20 6144
20 6148
20 6152
20 6155
20 6159
20 6160
20 6162
20 6163
20 6164
20 2016
20 6173
20 6174
20 6175
20 6177
20 6179
20 6180
20 6181
20 6182
20 6185
20 6186
20 6187
20 6188
20 6191
20 6192
20 6195
20 6196
20 6197
20 6200
20 6203
20 6212
20 6213
20 6216
20 6218
20 6219
20 6220
20 6222
20 6227
20 6228
20 6230
20 6234
20 6240
20 6241
20 6242
20 6249
20 6251
20 173
20 6253
20 6256
20 6259
20 6260
20 6265
20 6267
20 6269
20 6270
20 6271
20 6272
20 6273
20 6275
20 6276
20 6277
20 6278
20 6279
20 6280
20 6281
20 6282
20 6283
20 6284
20 6285
20 6287
20 6292
20 6293
20 6294
20 6295
20 6297
20 6298
20 6302
20 6303
20 6304
20 6305
20 6306
20 6307
20 6309
20 6317
20 6318
20 6319
20 6320
20 6322
20 6325
20 6330
20 6348
20 6360
20 6363
20 6366
20 6375
20 6380
20 6382
20 6383
20 6384
20 6385
20 6386
20 6397
20 6417
20 6419
20 6420
20 6421
20 6134
20 6422
20 6424
20 6425
20 6426
20 6427
20 6428
20 6429
20 6431
20 6432
20 6434
20 6435
20 6437
20 6438
20 6440
20 6441
20 6442
20 6443
20 6444
20 6445
20 6446
20 6447
20 6448
20 6449
20 6450
20 6452
20 6454
20 6455
20 6456
20 6457
20 6458
20 6459
20 6460
20 6462
20 6463
20 6473
20 6480
20 6482
20 6483
20 6491
20 6506
20 6511
20 6512
20 6514
20 6515
20 6517
20 6526
20 6562
20 6564
20 6565
20 6567
20 6568
20 6572
20 6574
20 6577
20 6578
20 6579
20 6581
20 6582
20 6584
20 6586
20 6590
20 6591
20 6592
20 6595
20 6596
20 6603
20 6604
20 6605
20 6608
20 6611
20 6613
20 6614
20 6616
20 6618
20 6619
20 6629
20 6631
20 6633
20 6634
20 6640
20 6641
20 6642
20 6645
20 6648
20 6666
20 6725
20 6735
20 6748
20 6773
20 6782
20 6783
20 6788
20 6084
20 6847
20 6850
20 6882
20 6884
20 6885
20 6947
20 6949
20 7506
20 7579
20 7754
20 7823
20 7885
20 7891
20 7932
20 7611
20 7991
20 8021
20 8050
20 8054
20 8068
20 8115
20 117
20 8180
20 8224
20 8226
20 8227
20 8229
20 8230
20 8231
20 8232
20 8237
20 8238
20 8239
20 8240
20 8242
20 8243
20 8244
20 8245
20 8246
20 8247
20 8248
20 8250
20 8251
20 8252
20 8253
20 8279
20 8304
20 8307
20 8314
20 8316
20 8327
20 8379
20 8383
20 8415
20 8495
20 8629
20 8696
20 8881
20 8949
20 9114
20 9215
20 9233
20 9290
20 5272
20 9693
20 9699
20 9836
20 9838
20 9862
20 9863
20 9864
20 9865
20 9867
20 9869
20 9871
20 9873
20 9874
20 1987
20 9875
20 9876
20 9877
20 9878
20 9879
20 9880
20 9457
20 9881
20 9882
20 9883
20 9884
20 9885
20 9886
20 9887
20 9888
20 9889
20 9891
20 9892
20 9894
20 9895
20 9896
20 9897
20 9899
20 9900
20 9901
20 9902
20 9903
20 9904
20 9906
20 9908
20 9909
20 9910
20 9911
20 9912
20 9913
20 9914
20 9915
20 9916
20 9917
20 2877
20 9919
20 9920
20 9921
20 9922
20 9411
20 9926
20 9927
20 9932
20 7263
20 9936
20 9938
20 9943
20 9944
20 9946
20 9947
20 9948
20 9950
20 9953
20 9955
20 9956
20 9957
20 9960
20 9961
20 9962
20 9963
20 9981
20 9995
20 9996
20 9997
20 10057
20 10069
20 10074
20 10082
20 10083
20 8442
20 10101
20 10103
20 10105
20 10106
20 10109
20 10111
20 10112
20 10113
20 10114
20 10115
20 10116
20 10119
20 10120
20 10121
20 10122
20 10124
20 10125
20 10137
20 10155
20 10158
20 10227
20 10353
22 23
22 80
22 713
22 1558
22 2224
22 3076
22 4323
22 4791
22 4798
22 5017
22 5056
22 5497
22 5628
22 5730
22 5792
22 5812
22 5825
22 5839
22 5845
22 6011
22 6015
22 6044
22 6367
22 6379
22 6389
22 6394
22 6395
22 6467
22 6476
22 6624
22 6643
22 6703
22 6711
22 6712
22 6729
22 6918
22 7779
22 7872
22 7919
22 7929
22 8045
22 8129
22 8156
22 8205
22 8391
22 8392
22 8394
22 8396
22 8397
22 1877
22 8399
22 8407
22 8408
22 8409
22 8497
22 8501
22 8503
22 8516
22 8664
22 8702
22 9132
22 9815
22 9822
22 9823
22 9824
22 9828
22 9829
22 9830
22 9848
22 10066
22 10067
22 10070
22 10073
22 10146
24 25
24 125
24 160
24 298
24 431
24 461
24 549
24 1782
24 1928
24 2205
24 2239
24 2303
24 2733
24 2916
24 2923
24 2937
24 3688
24 3798
24 3813
24 3825
24 5439
24 5470
24 5511
24 5622
24 6423
24 6430
24 6439
24 6601
24 6891
24 6892
24 6893
24 6898
24 6899
24 6900
24 6905
24 6906
24 6908
24 6910
24 6914
24 6921
24 6933
24 6941
24 6944
24 6946
24 6958
24 6959
24 6960
24 6961
24 6970
24 6971
24 6974
24 6982
24 6987
24 6990
24 6992
24 6993
24 6995
24 7002
24 7003
24 7004
24 7006
24 7007
24 7008
24 7010
24 7011
24 7012
24 7013
24 7014
24 7015
24 7019
24 7022
24 7023
24 7024
24 7025
24 7026
24 7028
24 7030
24 7032
24 7035
24 7036
24 7038
24 7041
24 7043
24 7045
24 7048
24 7050
24 7055
24 7059
24 7060
24 7062
24 7063
24 7064
24 7065
24 7066
24 7067
24 7068
24 7069
24 7070
24 7071
24 7072
24 7074
24 7075
24 7076
24 7077
24 7078
24 7079
24 7080
24 7081
24 7082
24 7083
24 7085
24 7086
24 7087
24 7089
24 7090
24 7091
24 7092
24 7093
24 7094
24 1682
24 7095
24 7096
24 7099
24 7100
24 7101
24 7102
24 7103
24 7104
24 7105
24 7106
24 7107
24 7108
24 7109
24 7110
24 7111
24 7112
24 7113
24 7114
24 7115
24 7116
24 7117
24 7118
24 7119
24 7120
24 7121
24 7122
24 7123
24 7124
24 7125
24 7126
24 7127
24 7128
24 7129
24 7130
24 7131
24 7132
24 7133
24 7134
24 7135
24 7136
24 7137
24 7138
24 7139
24 7140
24 7141
24 7142
24 7143
24 7144
24 7145
24 7146
24 7148
24 7149
24 7150
24 7151
24 7152
24 7153
24 7154
24 7156
24 7157
24 7158
24 7159
24 7163
24 7164
24 7165
24 7166
24 7167
24 7168
24 7170
24 7171
24 7172
24 7173
24 6244
24 7175
24 7177
24 7178
24 7180
24 7181
24 7182
24 7183
24 7185
24 7186
24 7187
24 7189
24 7190
24 7191
24 7192
24 7193
24 4352
24 7195
24 7196
24 7197
24 7198
24 7199
24 7201
24 7206
24 7207
24 7208
24 7209
24 7210
24 7211
24 7212
24 7216
24 7217
24 7218
24 7219
24 7220
24 7222
24 7223
24 7224
24 7225
24 7226
24 7227
24 7229
24 7230
24 7231
24 7232
24 7233
24 7235
24 7236
24 7237
24 7238
24 7239
24 7240
24 7241
24 7242
24 7243
24 7244
24 7245
24 7247
24 7248
24 7249
24 7250
24 7251
24 7252
24 7253
24 7254
24 7255
24 7257
24 7259
24 7260
24 7262
24 7265
24 7267
24 7269
24 7270
24 7272
24 7273
24 7274
24 7275
24 7276
24 7277
24 7278
24 7282
24 7283
24 7285
24 7286
24 7287
24 7288
24 7289
24 7290
24 7293
24 2786
24 7294
24 7296
24 7297
24 7298
24 7299
24 7300
24 7301
24 7302
24 7304
24 7308
24 7309
24 7312
24 7313
24 7314
24 7315
24 7316
24 7317
24 7318
24 7319
24 4547
24 7320
24 7321
24 7323
24 7326
24 7327
24 7328
24 7329
24 7330
24 7331
24 7332
24 7333
24 7334
24 7339
24 7340
24 7341
24 7342
24 7343
24 7344
24 7345
24 7347
24 7348
24 7350
24 7351
24 7352
24 7353
24 7354
24 7355
24 7356
24 7357
24 7360
24 7361
24 7362
24 7363
24 7364
24 7366
24 7369
24 7370
24 7373
24 7377
24 7379
24 7380
24 7381
24 7382
24 7383
24 7384
24 7385
24 7386
24 7387
24 7388
24 7389
24 7390
24 7394
24 7395
24 7396
24 7397
24 7398
24 7399
24 7401
24 7402
24 7403
24 7404
24 7405
24 7406
24 7408
24 7409
24 1107
24 7413
24 7414
24 7415
24 7416
24 7417
24 7418
24 7419
24 7421
24 7423
24 511
24 7425
24 7427
24 7428
24 7429
24 7430
24 7431
24 7432
24 7433
24 7434
24 7435
24 7436
24 7437
24 7439
24 7440
24 7442
24 7443
24 7444
24 7445
24 7447
24 7450
24 7451
24 7453
24 7454
24 7458
24 7461
24 7463
24 7466
24 7467
24 7468
24 7471
24 7472
24 7474
24 7476
24 7477
24 7478
24 7481
24 7482
24 7483
24 7484
24 7485
24 7486
24 7487
24 7488
24 7491
24 7492
24 7494
24 7499
24 7502
24 7505
24 7512
24 7522
24 7524
24 7526
24 7536
24 7538
24 7542
24 7547
24 7555
24 7560
24 7563
24 7566
24 7568
24 1456
24 7571
24 7572
24 7574
24 7575
24 7576
24 7578
24 7582
24 7588
24 7589
24 7596
24 7604
24 7605
24 7606
24 7607
24 7608
24 7609
24 7611
24 7614
24 7615
24 7616
24 7620
24 7623
24 7624
24 7626
24 7632
24 7633
24 7635
24 7637
24 7640
24 7643
24 7644
24 6014
24 7650
24 7651
24 7653
24 7656
24 7658
24 7659
24 7663
24 7665
24 7669
24 7678
24 7679
24 7681
24 7683
24 7685
24 7686
24 7687
24 7692
24 7693
24 7694
24 7707
24 7709
24 7712
24 7715
24 7720
24 7722
24 7723
24 7732
24 7735
24 7739
24 7741
24 7746
24 7747
24 2483
24 7755
24 7757
24 7758
24 7760
24 7761
24 7762
24 7763
24 7764
24 7765
24 7766
24 7767
24 7768
24 7769
24 7770
24 7772
24 7773
24 7774
24 7775
24 7776
24 7777
24 7778
24 7780
24 7781
24 7783
24 7784
24 7786
24 2468
24 7789
24 7790
24 7791
24 7792
24 7793
24 7794
24 7796
24 7797
24 2919
24 7799
24 7800
24 7801
24 7802
24 7803
24 2174
24 7807
24 7809
24 7810
24 7812
24 7818
24 7821
24 7825
24 7828
24 7829
24 7832
24 7833
24 7834
24 7835
24 7836
24 7837
24 7838
24 7839
24 7840
24 7841
24 7842
24 7845
24 7846
24 7847
24 7848
24 7849
24 7850
24 7851
24 7852
24 7853
24 7854
24 7855
24 2368
24 7858
24 7859
24 7862
24 7863
24 7865
24 7867
24 1747
24 7868
24 7869
24 7873
24 7875
24 7876
24 7877
24 7880
24 7881
24 7886
24 7887
24 7888
24 7890
24 7899
24 7922
24 7925
24 7927
24 7934
24 7939
24 7940
24 7963
24 7978
24 7994
24 7996
24 8032
24 8048
24 8058
24 8059
24 8064
24 8076
24 8103
24 8143
24 8176
24 8241
24 8294
24 8297
24 8349
24 8389
24 8390
24 8395
24 8405
24 8412
24 8481
24 8484
24 8616
24 9196
24 9210
24 9511
24 9837
24 9930
24 9949
24 9958
28 29
28 71
28 96
28 107
28 108
28 120
28 122
28 138
28 180
28 310
28 432
28 494
28 547
28 1474
28 1555
28 1713
28 1722
28 1832
28 1846
28 1851
28 1856
28 1871
28 1879
28 1881
28 1886
28 1904
28 1912
28 1914
28 1923
28 1925
28 1938
28 1939
28 1940
28 1941
28 1942
28 1943
28 1944
28 1945
28 1946
28 1947
28 1948
28 1949
28 1950
28 1951
28 1952
28 1953
28 1954
28 1955
28 1956
28 1957
28 1958
28 1959
28 1960
28 1961
28 1962
28 1963
28 1964
28 1965
28 1966
28 1967
28 1882
28 1968
28 1969
28 1970
28 1971
28 1972
28 1973
28 1974
28 1975
28 1976
28 1977
28 1978
28 1979
28 1980
28 1981
28 1982
28 1983
28 1984
28 1985
28 1986
28 1987
28 1988
28 1989
28 1990
28 1991
28 1992
28 1993
28 1994
28 1995
28 1996
28 1997
28 1998
28 1999
28 2000
28 2001
28 2002
28 2003
28 2004
28 2005
28 2006
28 2007
28 2008
28 2009
28 2011
28 2012
28 2013
28 2014
28 2015
28 2016
28 2022
28 2023
28 2024
28 2025
28 2026
28 2027
28 2040
28 2041
28 2042
28 2043
28 2044
28 2045
28 2046
28 2048
28 2049
28 2050
28 2051
28 2052
28 2053
28 2054
28 2055
28 2056
28 2058
28 2059
28 2061
28 2062
28 2063
28 2064
28 2065
28 2066
28 2067
28 2068
28 2070
28 2072
28 2073
28 2074
28 2075
28 2076
28 2077
28 2079
28 2080
28 2081
28 2082
28 2083
28 2084
28 2085
28 2086
28 2087
28 2090
28 2091
28 2092
28 2093
28 2094
28 2095
28 2098
28 2100
28 2101
28 2104
28 2105
28 2106
28 2107
28 2110
28 2114
28 2116
28 2118
28 2131
28 2133
28 2134
28 2135
28 2137
28 2149
28 2150
28 2151
28 2152
28 2153
28 2154
28 2165
28 2166
28 2167
28 2168
28 2170
28 2171
28 2173
28 2194
28 2201
28 2202
28 2203
28 2206
28 2208
28 2209
28 2212
28 2214
28 2216
28 2244
28 2245
28 2246
28 2250
28 2297
28 2575
28 2703
28 2721
28 2744
28 2762
28 3014
28 3023
28 3025
28 3032
28 3039
28 3040
28 3041
28 3043
28 3044
28 3045
28 3047
28 1310
28 3050
28 3065
28 3068
28 3075
28 3155
28 3163
28 3189
28 3808
28 3814
28 3816
28 3822
28 3826
28 3883
28 3889
28 3894
28 3896
28 4081
28 4178
28 4263
28 4338
28 4930
28 5072
28 5078
28 5113
28 5227
28 5249
28 5308
28 5326
28 5643
28 5644
28 5648
28 5650
28 5653
28 5654
28 5666
28 5672
28 5900
28 5962
28 6025
28 6053
28 6202
28 6291
28 6498
28 6507
28 6518
28 6575
28 6739
28 6894
28 7200
28 7202
28 7204
28 7205
28 7213
28 7214
28 570
28 7261
28 7263
28 7266
28 7358
28 7365
28 7367
28 7371
28 7374
28 7452
28 7455
28 7456
28 7457
28 7459
28 7469
28 7470
28 7532
28 7537
28 7544
28 7548
28 7549
28 7550
28 7552
28 7554
28 7559
28 7561
28 7567
28 7655
28 7667
28 7671
28 7673
28 7675
28 7697
28 7753
28 7759
28 7771
28 7782
28 7787
28 7804
28 7806
28 7819
28 7889
28 7892
28 7904
28 7906
28 7912
28 7958
28 7979
28 7993
28 8006
28 8069
28 8075
28 8090
28 8130
28 8215
28 8256
28 8289
28 8303
28 8325
28 8330
28 8338
28 8339
28 8401
28 8404
28 8416
28 8417
28 8471
28 8493
28 8494
28 8496
28 8499
28 8513
28 8514
28 8612
28 8622
28 8906
28 8941
28 9220
28 9221
28 9226
28 9227
28 9229
28 10000
28 10123
30 31
30 73
30 159
30 699
30 1171
30 1385
30 1471
30 1481
33 34
33 63
33 67
33 70
33 83
33 114
33 174
33 186
33 406
33 424
33 462
33 471
33 483
33 510
33 539
33 560
33 1090
33 1098
33 1104
33 1113
33 1144
33 1176
33 1203
33 1340
33 1419
33 1482
33 1483
33 1484
33 1486
33 1487
33 1488
33 1489
33 1490
33 1491
33 1492
33 1493
33 1494
33 1495
33 1496
33 1497
33 1498
33 1499
33 1500
33 1501
33 1502
33 1503
33 1506
33 1507
33 1508
33 1509
33 1510
33 1513
33 1514
33 1515
33 1516
33 1517
33 1518
33 1519
33 1520
33 1521
33 1522
33 1523
33 1524
33 1525
33 1527
33 1528
33 1529
33 1530
33 1531
33 1532
33 1533
33 1535
33 1536
33 1537
33 1538
33 1539
33 1540
33 1541
33 1542
33 1543
33 1546
33 1548
33 1550
33 1551
33 1552
33 1553
33 1554
33 1556
33 1557
33 1559
33 1560
33 1561
33 1563
33 1565
33 1566
33 1573
33 1575
33 1591
33 1593
33 1600
33 1605
33 1616
33 1623
33 1645
33 1663
33 1667
33 1687
33 1691
33 1692
33 1693
33 1700
33 1702
33 1706
33 1711
33 1715
33 1736
33 1742
33 1743
33 1744
33 1746
33 1748
33 1753
33 1754
33 1756
33 1768
33 1769
33 1770
33 1789
33 1804
33 1821
33 1830
33 1845
33 1858
33 1866
33 1873
33 1902
33 1910
33 1932
33 2060
33 2071
33 2132
33 2142
33 2160
33 2254
33 2294
33 2299
33 2544
33 2707
33 3017
33 3038
33 3059
33 3240
33 3543
33 3811
33 3827
33 4060
33 4317
33 4458
33 4478
33 4560
33 4774
33 4857
33 4963
33 4985
33 5064
33 5261
33 5318
33 5463
33 5487
33 5505
33 5555
33 5615
33 5626
33 5671
33 5683
33 5708
33 5724
33 5798
33 5805
33 6021
33 6026
33 6028
33 6045
33 6400
33 6411
33 6414
33 6485
33 6486
33 6489
33 6497
33 6547
33 6620
33 6625
33 6646
33 6690
33 6716
33 6728
33 6736
33 6740
33 7490
33 7631
33 7674
33 7816
33 7944
33 7967
33 7988
33 8055
33 8183
33 8189
33 8234
33 8249
33 8331
33 8335
33 8413
33 8418
33 8498
33 8518
33 8519
33 8520
33 8521
33 8522
33 8523
33 8524
33 8525
33 8526
33 8527
33 8528
33 8529
33 8530
33 8531
33 8532
33 8533
33 8534
33 8535
33 8536
33 8537
33 8538
33 8539
33 8540
33 8541
33 8542
33 8543
33 8544
33 8545
33 8546
33 8547
33 8548
33 8549
33 8550
33 8551
33 8552
33 8553
33 8554
33 8555
33 8556
33 8557
33 8558
33 8559
33 8560
33 8561
33 8563
33 8564
33 8565
33 8566
33 8567
33 8568
33 8569
33 8570
33 8571
33 8572
33 8573
33 8574
33 8575
33 8576
33 8577
33 8578
33 8579
33 8580
33 8581
33 8582
33 8583
33 8584
33 8585
33 8586
33 8587
33 8588
33 8589
33 8590
33 8592
33 8593
33 8594
33 8595
33 8596
33 8597
33 8598
33 8599
33 8600
33 8601
33 8602
33 8604
33 8605
33 8606
33 8608
33 8610
33 8611
33 8613
33 8614
33 8615
33 8617
33 8618
33 8620
33 8621
33 8623
33 8624
33 8625
33 8626
33 8627
33 8628
33 8631
33 8632
33 8633
33 8635
33 8636
33 8637
33 8638
33 8639
33 8640
33 8641
33 8642
33 8643
33 8644
33 8645
33 8646
33 8647
33 8648
33 8649
33 8650
33 8651
33 8654
33 8655
33 8656
33 8657
33 8658
33 8659
33 8660
33 8661
33 8662
33 8663
33 8666
33 8668
33 8671
33 8727
33 8735
33 8811
33 8820
33 8831
33 8903
33 8934
33 8944
33 8954
33 8955
33 8965
33 8967
33 8976
33 9000
33 9005
33 9027
33 9030
33 9031
33 9032
33 9035
33 9050
33 9054
33 9066
33 9073
33 9076
33 9077
33 9078
33 9079
33 9080
33 9082
33 9084
33 9088
33 9093
33 9098
33 9100
33 9102
33 9108
33 9110
33 9117
33 9118
33 9124
33 9126
33 9134
33 9139
33 9153
33 9155
33 9158
33 9176
33 9187
33 9190
33 9192
33 9193
33 9194
33 9195
33 9216
33 9225
33 9236
33 9255
33 9267
33 9274
33 9528
33 9743
33 9831
33 9851
33 9939
33 9975
33 10251
42 6050
58 59
58 145
58 161
58 162
58 164
58 165
58 185
58 230
58 2220
58 3765
58 3829
58 3830
58 5479
58 6510
58 6519
58 7866
58 8505
74 75
74 118
74 414
74 475
74 550
74 852
74 1134
74 1705
74 1740
74 1763
74 1808
74 1833
74 1848
74 1927
74 2180
74 2238
74 2293
74 2678
74 3031
74 3066
74 3207
74 3647
74 4803
74 5550
74 6557
74 6558
74 6563
74 6587
74 6597
74 6626
74 7268
74 7861
74 7908
74 8072
74 8126
74 9230
74 1124
74 10351
77 78
77 2766
77 7811
81 82
81 134
81 143
81 144
81 146
81 147
81 148
81 149
81 153
81 421
81 438
81 464
81 477
81 479
81 480
81 534
81 551
81 555
81 594
81 715
81 1070
81 1072
81 1155
81 1351
81 1398
81 1399
81 1410
81 1467
81 1730
81 1823
81 1824
81 1825
81 1827
81 1828
81 1829
81 1869
81 1870
81 1872
81 1874
81 1875
81 1877
81 1878
81 1880
81 1882
81 1883
81 1884
81 1885
81 1887
81 1888
81 1889
81 1893
81 1894
81 1895
81 1896
81 1897
81 1898
81 1899
81 1900
81 1901
81 1905
81 1907
81 1908
81 1913
81 1926
81 1935
81 1937
81 2019
81 2047
81 2078
81 2164
81 2169
81 2181
81 2198
81 2211
81 2218
81 2219
81 2221
81 2222
81 2232
81 2304
81 2305
81 2306
81 2307
81 2309
81 2310
81 2311
81 2312
81 2313
81 2314
81 2315
81 2316
81 2317
81 2318
81 2319
81 2320
81 2321
81 2322
81 2323
81 2324
81 2325
81 2326
81 2327
81 2328
81 2329
81 2330
81 2331
81 2332
81 2333
81 2334
81 2335
81 2336
81 2337
81 2338
81 2339
81 2340
81 2341
81 2342
81 1984
81 2343
81 2344
81 2345
81 2346
81 2347
81 2348
81 2349
81 2350
81 2351
81 2352
81 2353
81 2354
81 2355
81 2356
81 2357
81 2358
81 2359
81 2360
81 2361
81 2362
81 2363
81 2364
81 2365
81 2366
81 2367
81 2368
81 2369
81 2370
81 2371
81 2372
81 2373
81 2374
81 2375
81 2376
81 2377
81 2378
81 2379
81 2380
81 2382
81 2383
81 2384
81 2385
81 2386
81 2387
81 2388
81 2389
81 2390
81 2391
81 2392
81 2393
81 2394
81 106
81 2395
81 2396
81 2397
81 2398
81 2399
81 2400
81 2401
81 2402
81 2403
81 2404
81 2405
81 2406
81 2407
81 2408
81 2409
81 2410
81 2411
81 2412
81 2413
81 2414
81 2415
81 2416
81 2417
81 2418
81 2419
81 2420
81 2421
81 2422
81 2423
81 2424
81 2425
81 2426
81 2427
81 2428
81 2429
81 2431
81 2432
81 2433
81 2434
81 2435
81 2436
81 2437
81 2438
81 2439
81 2440
81 2441
81 2442
81 2443
81 2444
81 2445
81 2446
81 2447
81 2448
81 2449
81 2450
81 2451
81 2455
81 2456
81 2457
81 2458
81 2460
81 2461
81 2463
81 2466
81 2467
81 2468
81 2469
81 2470
81 2471
81 2472
81 2473
81 2474
81 2475
81 2476
81 2477
81 2478
81 2479
81 2480
81 2481
81 2482
81 2483
81 2484
81 2485
81 2486
81 2487
81 2488
81 2489
81 2490
81 2491
81 2493
81 2494
81 2495
81 2497
81 2498
81 2500
81 2501
81 2505
81 2508
81 2513
81 2514
81 2515
81 2516
81 2517
81 2518
81 2519
81 2520
81 2523
81 2524
81 2525
81 2526
81 2527
81 2531
81 2533
81 2535
81 2538
81 2540
81 2545
81 2546
81 2547
81 2552
81 2553
81 2554
81 2555
81 2558
81 2561
81 2562
81 2564
81 2565
81 2566
81 2570
81 2572
81 2573
81 2579
81 2580
81 2589
81 2590
81 2592
81 2597
81 2600
81 2601
81 2602
81 2604
81 2610
81 2616
81 2619
81 2620
81 2623
81 2628
81 2629
81 2632
81 2634
81 2635
81 2637
81 2638
81 2643
81 2644
81 2647
81 2648
81 2652
81 2654
81 2658
81 2662
81 2663
81 2665
81 2668
81 2672
81 2676
81 2677
81 2684
81 2685
81 2687
81 2688
81 2689
81 2698
81 2699
81 2710
81 2712
81 2723
81 2736
81 2745
81 2746
81 2747
81 2750
81 2751
81 2752
81 2753
81 2757
81 2764
81 2765
81 2783
81 2788
81 2800
81 2804
81 2806
81 2814
81 2817
81 2852
81 2859
81 2869
81 2877
81 2900
81 2908
81 2919
81 2952
81 2956
81 2957
81 2962
81 2965
81 2967
81 2969
81 2988
81 3000
81 3001
81 3026
81 3033
81 3034
81 3035
81 3048
81 3052
81 3054
81 3056
81 3057
81 3058
81 3069
81 3070
81 3072
81 3073
81 3078
81 3079
81 3295
81 3747
81 5054
81 5198
81 5201
81 5214
81 5225
81 5239
81 5252
81 5256
81 5270
81 5273
81 5281
81 5286
81 5293
81 5330
81 5465
81 5491
81 5594
81 5810
81 5829
81 5834
81 5837
81 5931
81 5932
81 5938
81 5956
81 5957
81 6037
81 6046
81 6048
81 6049
81 6057
81 6076
81 6077
81 6078
81 6101
81 6252
81 6310
81 6311
81 6326
81 6481
81 6487
81 6639
81 6650
81 6651
81 6652
81 6653
81 6654
81 6655
81 6657
81 6658
81 6659
81 6660
81 6661
81 6662
81 6663
81 6665
81 6667
81 6668
81 6671
81 6672
81 6673
81 6674
81 6676
81 6678
81 6680
81 6681
81 6682
81 6683
81 6684
81 6685
81 6686
81 6687
81 6688
81 6692
81 6693
81 6694
81 6695
81 6696
81 6697
81 6698
81 6699
81 6700
81 6701
81 6705
81 6706
81 6708
81 6710
81 6713
81 6714
81 6720
81 6721
81 6723
81 6727
81 6730
81 6731
81 6734
81 6737
81 6752
81 6774
81 6779
81 6789
81 6791
81 6792
81 6928
81 7000
81 7271
81 7533
81 7676
81 7677
81 7682
81 7698
81 7700
81 7703
81 7710
81 7719
81 7721
81 7724
81 7805
81 7822
81 7844
81 7882
81 7883
81 7884
81 7938
81 7946
81 7947
81 7950
81 7952
81 7962
81 7965
81 7969
81 7971
81 7972
81 7974
81 7992
81 7995
81 8014
81 8124
81 8154
81 8155
81 8157
81 8159
81 8168
81 8169
81 8170
81 8171
81 8173
81 8175
81 8177
81 8178
81 8182
81 8194
81 8195
81 8212
81 8321
81 8322
81 8323
81 9198
81 9199
81 9200
81 9202
81 9203
81 9204
81 9209
81 9211
81 9240
81 9241
81 9242
81 9243
81 9244
81 9245
81 9246
81 9248
81 9250
81 9251
81 9252
81 9256
81 9257
81 9259
81 9260
81 9261
81 9263
81 9266
81 9268
81 9270
81 9271
81 9273
81 9275
81 9276
81 9277
81 9278
81 9279
81 9280
81 9281
81 9282
81 9286
81 9295
81 9299
81 9309
81 9583
81 9612
81 9638
81 9709
81 9729
81 9748
81 9787
81 9791
81 9840
81 9856
81 10059
81 10094
81 10095
81 10096
81 10097
81 10098
81 10099
81 10100
81 10102
81 10107
102 103
102 157
102 158
102 478
102 482
102 529
102 670
102 1362
102 1370
102 1473
102 1476
102 1478
102 1526
102 1720
102 1739
102 1931
102 1934
102 2020
102 2594
102 2606
102 2609
102 2627
102 3234
102 3237
102 3244
102 3370
102 3497
102 3522
102 3562
102 4229
102 4411
102 5018
102 5493
102 5685
102 5794
102 6401
102 6717
102 6719
102 6722
102 6732
102 7924
102 7954
102 8485
102 8500
102 8502
102 8504
102 8512
102 8922
102 9145
102 9146
102 9147
102 9162
102 9184
102 9189
102 9207
102 9232
102 9976
102 9980
102 9992
102 10167
123 124
123 139
123 142
123 151
123 156
123 447
123 484
123 512
123 566
123 582
123 601
123 963
123 969
123 1453
123 1461
123 2381
123 2705
123 2731
123 2732
123 2950
123 3027
123 3042
123 3062
123 4084
123 4087
123 4089
123 4090
123 4092
123 4100
123 4107
123 4108
123 4118
123 4125
123 4134
123 4139
123 4146
123 4157
123 4162
123 4167
123 4183
123 4184
123 4185
123 4186
123 4188
123 4193
123 4197
123 4198
123 4205
123 4211
123 4212
123 4231
123 4234
123 4235
123 4238
123 4241
123 4244
123 4249
123 4254
123 4258
123 4280
123 4310
123 4313
123 4322
123 4342
123 4347
123 4348
123 4353
123 4354
123 4364
123 4387
123 4408
123 4416
123 4435
123 4437
123 4479
123 4509
123 4549
123 4732
123 4799
123 4837
123 4863
123 4874
123 4904
123 4957
123 4967
123 4975
123 4981
123 4984
123 4990
123 5012
123 5043
123 5044
123 5057
123 5075
123 5097
123 5118
123 5122
123 5131
123 5132
123 5145
123 5217
123 5243
123 5264
123 5275
123 5288
123 5298
123 5313
123 5315
123 5411
123 5444
123 5469
123 5526
123 5533
123 5537
123 5539
123 5575
123 5589
123 5609
123 5632
123 5633
123 5639
123 5690
123 5719
123 5725
123 5728
123 5746
123 5826
123 5827
123 5832
123 5852
123 5958
123 6224
123 6329
123 6364
123 6398
123 6418
123 6465
123 6466
123 6470
123 6478
123 6496
123 6576
123 6745
123 6746
123 6747
123 6749
123 6750
123 6751
123 6753
123 6754
123 6755
123 6756
123 6757
123 6758
123 6759
123 5903
123 6760
123 6761
123 6762
123 6763
123 6764
123 6765
123 6766
123 6767
123 6768
123 6769
123 6770
123 6771
123 6772
123 6775
123 6776
123 6777
123 6778
123 6781
123 6784
123 6785
123 6786
123 6787
123 6790
123 6797
123 6868
123 6886
123 6913
123 7280
123 7324
123 7325
123 7465
123 7493
123 7495
123 7519
123 7600
123 7634
123 7648
123 7680
123 7695
123 7696
123 7718
123 7728
123 7730
123 7740
123 7752
123 7756
123 7788
123 7795
123 7824
123 7827
123 7870
123 7973
123 7983
123 8016
123 8036
123 8049
123 8065
123 8142
123 8184
123 8186
123 8190
123 8213
123 8235
123 8257
123 8258
123 8259
123 8260
123 8263
123 8264
123 8265
123 8266
123 8267
123 8268
123 8269
123 8270
123 8271
123 8272
123 8273
123 8275
123 8276
123 8277
123 8278
123 8280
123 8281
123 8282
123 8283
123 8284
123 8285
123 8286
123 8287
123 8288
123 8290
123 8291
123 8292
123 8295
123 8296
123 8298
123 8299
123 8302
123 8305
123 8306
123 8308
123 8310
123 8311
123 8312
123 8315
123 8318
123 8320
123 8324
123 8326
123 8328
123 8329
123 8332
123 8333
123 8334
123 8336
123 8337
123 8341
123 8393
123 8398
123 8402
123 8419
123 8515
123 8634
123 8653
123 8869
123 9144
123 9165
123 9167
123 9172
123 9178
123 9179
123 9183
123 9201
123 9205
123 9208
123 9214
123 9219
123 9235
123 9247
123 9253
123 9254
123 9269
123 9802
123 9832
123 9835
123 9842
123 9972
123 9988
123 9993
123 10016
123 10018
123 10076
135 136
135 1341
135 1831
135 3791
135 5215
135 5312
135 6060
135 6833
208 209
208 293
208 402
208 419
208 457
208 553
208 1063
208 1131
208 5166
208 7990
223 561
248 249
248 250
248 252
248 253
248 254
248 255
248 259
248 260
248 261
248 262
248 263
248 265
248 266
248 269
248 270
248 271
248 272
248 273
248 274
248 275
248 276
248 278
248 279
248 280
248 281
248 282
248 283
248 284
248 285
248 286
248 287
248 289
248 290
248 291
248 292
248 294
248 299
248 300
248 301
248 302
248 303
248 304
248 306
248 308
248 311
248 312
248 314
248 316
248 317
248 318
248 319
248 320
248 322
248 323
248 326
248 327
248 329
248 330
248 331
248 332
248 333
248 335
248 336
248 337
248 338
248 339
248 343
248 344
248 345
248 346
248 348
248 349
248 351
248 352
248 354
248 356
248 360
248 361
248 363
248 364
248 365
248 367
248 370
248 374
248 375
248 378
248 385
248 388
248 390
248 393
248 397
248 403
248 405
248 408
248 410
248 413
248 420
248 423
248 426
248 428
248 429
248 434
248 435
248 437
248 441
248 442
248 443
248 444
248 445
248 448
248 450
248 451
248 452
248 454
248 455
248 456
248 458
248 465
248 518
248 738
248 1424
248 1470
248 2242
248 2617
314 3656
321 561
366 1394
441 3656
441 6332
479 1394
486 487
486 1065
486 1076
486 1477
561 562
561 564
561 1346
561 1544
561 1549
561 2176
561 2177
561 2241
561 2430
561 1919
561 5210
561 5536
561 6433
561 8319
561 1314
561 8665
561 8667
561 8669
561 8670
561 8672
561 8673
561 8674
561 8675
561 8676
561 8677
561 8678
561 8679
561 8680
561 8681
561 8682
561 8683
561 8684
561 8685
561 8686
561 8687
561 8688
561 8689
561 8690
561 8691
561 1156
561 8692
561 1180
561 8693
561 8694
561 8695
561 8697
561 8698
561 8699
561 1206
561 8700
561 8701
561 8703
561 8704
561 8705
561 8706
561 8707
561 8708
561 8709
561 8710
561 8711
561 8712
561 6539
561 8713
561 8714
561 8715
561 8716
561 8717
561 8718
561 8719
561 8720
561 8721
561 8722
561 8723
561 8724
561 8725
561 8726
561 8728
561 8729
561 8730
561 6139
561 8731
561 8732
561 8733
561 8734
561 8736
561 8737
561 8738
561 8739
561 8740
561 8741
561 8742
561 8743
561 8744
561 1164
561 8745
561 8746
561 8747
561 8748
561 8749
561 8750
561 8751
561 8752
561 8753
561 8754
561 8755
561 8756
561 8757
561 8758
561 8759
561 8760
561 8761
561 8762
561 8763
561 7970
561 8764
561 8765
561 8766
561 8767
561 8768
561 8769
561 8770
561 1258
561 8771
561 8772
561 8773
561 8774
561 8775
561 8776
561 8777
561 8778
561 8779
561 8780
561 8781
561 8782
561 8783
561 8784
561 8785
561 8786
561 8787
561 8788
561 8789
561 8790
561 8791
561 8792
561 8793
561 8794
561 8795
561 8796
561 8797
561 8798
561 8799
561 8800
561 8801
561 8802
561 8803
561 8804
561 8805
561 8806
561 8807
561 8808
561 8809
561 8810
561 8812
561 8813
561 8814
561 8815
561 8816
561 8817
561 8818
561 8819
561 8821
561 8822
561 8823
561 8824
561 8825
561 8826
561 8827
561 8828
561 8829
561 8830
561 8832
561 8833
561 8834
561 8835
561 8836
561 8837
561 8838
561 8839
561 8840
561 8841
561 8842
561 8843
561 8844
561 8845
561 8846
561 8847
561 8848
561 8849
561 8850
561 8851
561 8852
561 8853
561 8854
561 8855
561 8856
561 8857
561 8858
561 8859
561 8860
561 8861
561 8862
561 8863
561 8864
561 8865
561 8866
561 8867
561 8868
561 8870
561 8871
561 6521
561 8872
561 8873
561 8874
561 8875
561 8876
561 8877
561 8878
561 8879
561 8880
561 8882
561 8883
561 8884
561 8885
561 8886
561 8887
561 8888
561 8889
561 8890
561 8891
561 8892
561 8893
561 8894
561 8895
561 1097
561 8896
561 8897
561 8898
561 8899
561 8900
561 8901
561 8902
561 8904
561 8905
561 8907
561 8908
561 8909
561 8910
561 8911
561 8912
561 8913
561 8914
561 8915
561 8916
561 8917
561 8918
561 8919
561 8920
561 8921
561 8923
561 8924
561 8925
561 8926
561 8927
561 8928
561 8929
561 8930
561 8931
561 8932
561 8933
561 8935
561 8936
561 8937
561 8938
561 8939
561 8940
561 8942
561 8943
561 8945
561 8946
561 8947
561 8948
561 8950
561 8951
561 8952
561 8953
561 8956
561 8957
561 8958
561 8959
561 8960
561 8961
561 8962
561 8963
561 8964
561 8966
561 8968
561 8969
561 8970
561 712
561 8971
561 8972
561 8973
561 8974
561 8975
561 8977
561 8978
561 8979
561 570
561 8980
561 8981
561 8982
561 8983
561 8984
561 8985
561 8986
561 8987
561 8989
561 8990
561 8991
561 8992
561 8993
561 8994
561 8995
561 8998
561 8999
561 9001
561 9002
561 9003
561 9004
561 9006
561 9007
561 9008
561 9009
561 9010
561 9011
561 9012
561 9013
561 9014
561 9015
561 9016
561 9018
561 9019
561 9020
561 9021
561 9022
561 9023
561 9024
561 9025
561 9026
561 9028
561 9033
561 9034
561 9036
561 9037
561 9038
561 9039
561 9040
561 9041
561 9042
561 9043
561 9044
561 9045
561 9046
561 9047
561 9048
561 9049
561 9053
561 9055
561 9056
561 9057
561 9058
561 9059
561 9060
561 9061
561 9062
561 9063
561 9064
561 9065
561 9067
561 9068
561 9069
561 9070
561 9071
561 9072
561 9074
561 9075
561 9081
561 9083
561 9085
561 9086
561 9087
561 9089
561 9090
561 9091
561 9092
561 1158
561 9094
561 9095
561 9096
561 9097
561 9099
561 9101
561 9103
561 9104
561 9105
561 9106
561 9107
561 9109
561 9111
561 9112
561 9113
561 9115
561 9116
561 9120
561 9122
561 9123
561 9125
561 9127
561 9128
561 9129
561 9130
561 9131
561 9133
561 9135
561 9136
561 9137
561 9138
561 9140
561 9141
561 9142
561 9143
561 9149
561 9150
561 9151
561 9152
561 9154
561 9156
561 9157
561 9159
561 9161
561 9163
561 9164
561 9166
561 9168
561 9170
561 9171
561 9173
561 9174
561 9175
561 9177
561 9181
561 9182
561 9185
561 9188
561 9197
561 9206
561 9212
561 9213
561 9217
561 9218
561 9222
561 9223
561 9224
561 9228
561 9231
561 9234
561 9237
561 9239
561 9262
561 9283
561 9746
561 9796
561 9797
561 9809
561 9850
561 1367
561 10064
561 10118
580 1394
589 1394
904 1394
923 1394
1021 1394
1026 1394
1049 1050
1049 1062
1049 3828
1049 6895
1074 1394
1091 1092
1091 1094
1091 1097
1091 1102
1091 1103
1091 1105
1091 1116
1091 1117
1091 1121
1091 1122
1091 1126
1091 1127
1091 1132
1091 1135
1091 1136
1091 1137
1091 1138
1091 1139
1091 1140
1091 1141
1091 1142
1091 1143
1091 1145
1091 1146
1091 1147
1091 1148
1091 1149
1091 1153
1091 1156
1091 1157
1091 1158
1091 1160
1091 1161
1091 1164
1091 1165
1091 1166
1091 1167
1091 1170
1091 1172
1091 1173
1091 1174
1091 1175
1091 1177
1091 1178
1091 1180
1091 1183
1091 1188
1091 1193
1091 1196
1091 1198
1091 1199
1091 1204
1091 1205
1091 1206
1091 1207
1091 1209
1091 1210
1091 1212
1091 1214
1091 1216
1091 1220
1091 1221
1091 1223
1091 1224
1091 1225
1091 1226
1091 1227
1091 1229
1091 1230
1091 1231
1091 1233
1091 1234
1091 1235
1091 1237
1091 1238
1091 1239
1091 1240
1091 1242
1091 1243
1091 1244
1091 1246
1091 1249
1091 1251
1091 1255
1091 1256
1091 1258
1091 1259
1091 1261
1091 1263
1091 1264
1091 1265
1091 1266
1091 1268
1091 1269
1091 1270
1091 1271
1091 1273
1091 1274
1091 1277
1091 1280
1091 1281
1091 1282
1091 1283
1091 1284
1091 1285
1091 1286
1091 1287
1091 1289
1091 1291
1091 1293
1091 1294
1091 1298
1091 1299
1091 1307
1091 1312
1091 1314
1091 1330
1091 1333
1091 1336
1091 1350
1091 1354
1091 1355
1091 1357
1091 1359
1091 1361
1091 1366
1091 1367
1091 1369
1091 1372
1091 1373
1091 1377
1091 1387
1091 1390
1091 1401
1091 1403
1091 1406
1091 1408
1091 1409
1091 1412
1091 1414
1091 1416
1091 1440
1091 1465
1091 1485
1091 1570
1091 1695
1091 1761
1091 1780
1091 1822
1091 1919
1091 2136
1091 2172
1091 2179
1091 6508
1339 1394
1394 1395
1394 1505
1394 2754
1394 2755
1394 2756
1394 2758
1394 2759
1394 2760
1394 2763
1394 2767
1394 2768
1394 2769
1394 2770
1394 2771
1394 2772
1394 2773
1394 2774
1394 2775
1394 2776
1394 2777
1394 2778
1394 2779
1394 2780
1394 2781
1394 2784
1394 2785
1394 2786
1394 2787
1394 2789
1394 2790
1394 2791
1394 2792
1394 2793
1394 2795
1394 2796
1394 2797
1394 2798
1394 2799
1394 2801
1394 2802
1394 2803
1394 2805
1394 2807
1394 2808
1394 2809
1394 2810
1394 2811
1394 2812
1394 2813
1394 2815
1394 2816
1394 2818
1394 2819
1394 2820
1394 2822
1394 2823
1394 2824
1394 2825
1394 2826
1394 2827
1394 2828
1394 2829
1394 2830
1394 2831
1394 2832
1394 2833
1394 2834
1394 2835
1394 2836
1394 2837
1394 2838
1394 2839
1394 2840
1394 2841
1394 2842
1394 2844
1394 2845
1394 2846
1394 2847
1394 2848
1394 2849
1394 2850
1394 2851
1394 2853
1394 2854
1394 2855
1394 2856
1394 2858
1394 2860
1394 2861
1394 2862
1394 2863
1394 2864
1394 2865
1394 2866
1394 2867
1394 2868
1394 2870
1394 2871
1394 2873
1394 2874
1394 2875
1394 2876
1394 2878
1394 2880
1394 2881
1394 2882
1394 2883
1394 2884
1394 2885
1394 2886
1394 2887
1394 2889
1394 2890
1394 2300
1394 2892
1394 2893
1394 2894
1394 2895
1394 2896
1394 2897
1394 2898
1394 2899
1394 2901
1394 2902
1394 2903
1394 2905
1394 2906
1394 2907
1394 2909
1394 2910
1394 2912
1394 2913
1394 2914
1394 2917
1394 2920
1394 2921
1394 2924
1394 2925
1394 2926
1394 2927
1394 2929
1394 2930
1394 2931
1394 2932
1394 2933
1394 2934
1394 2935
1394 2936
1394 2938
1394 2939
1394 2940
1394 2941
1394 2942
1394 2943
1394 2944
1394 2946
1394 2947
1394 2948
1394 2949
1394 2953
1394 2954
1394 2955
1394 2958
1394 2959
1394 2960
1394 2961
1394 2963
1394 2964
1394 2966
1394 2187
1394 2968
1394 2970
1394 2971
1394 2972
1394 2973
1394 2975
1394 2977
1394 2980
1394 2981
1394 2982
1394 2985
1394 2986
1394 2987
1394 2989
1394 3002
1394 3005
1394 3008
1394 3009
1394 3016
1394 3019
1394 3021
1394 3022
1394 3024
1394 3036
1394 3046
1394 3053
1394 3055
1394 3063
1394 3080
1394 5272
1394 5576
1394 6490
1394 6492
1394 6493
1394 6495
1394 6501
1394 6502
1394 6503
1394 6504
1394 6505
1394 6705
1394 9292
1394 9293
1394 4595
1394 9298
1394 9300
1394 9301
1394 9302
1394 9303
1394 9304
1394 9305
1394 9306
1394 9307
1394 9308
1394 7604
1394 9310
1394 9313
1394 9314
1394 9315
1394 9318
1394 9319
1394 9320
1394 9321
1394 9322
1394 9323
1394 9325
1394 9326
1394 9327
1394 9328
1394 9329
1394 4295
1394 9332
1394 9333
1394 9334
1394 9335
1394 9336
1394 9337
1394 9338
1394 9339
1394 9340
1394 9341
1394 9342
1394 9343
1394 9344
1394 9345
1394 9346
1394 9347
1394 9348
1394 9349
1394 9350
1394 9351
1394 9352
1394 9353
1394 7074
1394 9354
1394 9355
1394 9356
1394 9357
1394 9358
1394 9359
1394 9360
1394 9361
1394 9362
1394 9363
1394 9364
1394 9365
1394 9366
1394 3238
1394 9367
1394 9368
1394 9369
1394 9370
1394 9371
1394 9372
1394 9373
1394 9374
1394 9375
1394 9376
1394 9377
1394 9378
1394 9379
1394 9380
1394 9381
1394 9382
1394 9383
1394 9384
1394 9385
1394 9386
1394 9387
1394 9388
1394 9389
1394 9390
1394 9391
1394 9392
1394 9393
1394 9394
1394 9395
1394 9396
1394 9397
1394 9398
1394 9399
1394 9400
1394 9401
1394 9402
1394 9403
1394 9404
1394 8140
1394 9405
1394 9406
1394 9407
1394 9408
1394 9409
1394 9410
1394 9411
1394 9412
1394 9413
1394 9414
1394 9415
1394 9416
1394 9417
1394 9418
1394 5955
1394 9419
1394 9420
1394 9421
1394 9422
1394 9423
1394 9424
1394 9425
1394 9426
1394 9427
1394 9428
1394 9429
1394 8311
1394 9430
1394 9431
1394 9432
1394 9433
1394 9434
1394 9435
1394 9436
1394 9437
1394 9438
1394 4009
1394 9439
1394 9440
1394 9441
1394 9442
1394 9443
1394 9444
1394 9445
1394 9446
1394 9447
1394 9448
1394 9449
1394 9450
1394 9451
1394 9452
1394 9453
1394 9454
1394 9455
1394 9456
1394 9457
1394 9458
1394 9459
1394 9460
1394 9461
1394 9462
1394 9463
1394 9464
1394 9465
1394 9466
1394 9467
1394 9468
1394 9469
1394 9470
1394 9471
1394 9472
1394 9473
1394 9474
1394 9475
1394 9476
1394 9477
1394 9478
1394 9479
1394 9480
1394 9481
1394 9482
1394 9483
1394 9484
1394 9485
1394 9486
1394 9487
1394 9488
1394 9489
1394 9490
1394 9491
1394 9492
1394 9493
1394 9494
1394 9495
1394 9496
1394 9497
1394 9498
1394 9499
1394 9500
1394 9501
1394 9502
1394 9503
1394 9504
1394 9505
1394 9506
1394 9507
1394 9508
1394 3732
1394 9509
1394 9510
1394 9512
1394 9513
1394 9514
1394 9515
1394 9516
1394 9517
1394 6241
1394 9518
1394 9519
1394 9520
1394 9521
1394 3806
1394 9522
1394 9523
1394 9524
1394 9525
1394 9526
1394 9527
1394 9529
1394 9530
1394 9531
1394 7991
1394 9532
1394 9533
1394 9534
1394 6992
1394 9536
1394 9537
1394 9538
1394 9539
1394 9540
1394 9541
1394 9542
1394 9543
1394 9544
1394 9545
1394 9546
1394 8799
1394 9547
1394 9548
1394 9549
1394 9550
1394 9551
1394 9552
1394 9554
1394 9555
1394 9556
1394 9557
1394 9558
1394 9559
1394 9560
1394 9561
1394 9563
1394 9564
1394 9565
1394 9566
1394 9568
1394 9569
1394 9570
1394 9572
1394 9573
1394 9574
1394 9575
1394 9576
1394 9577
1394 9578
1394 9579
1394 7415
1394 9580
1394 3126
1394 9581
1394 7919
1394 9584
1394 9585
1394 9586
1394 9587
1394 9588
1394 9589
1394 3867
1394 9591
1394 9592
1394 9593
1394 9594
1394 9595
1394 9596
1394 9597
1394 9598
1394 9599
1394 9600
1394 2112
1394 9601
1394 9602
1394 9603
1394 9604
1394 9605
1394 9606
1394 9607
1394 9608
1394 9609
1394 9610
1394 9611
1394 9613
1394 9614
1394 9615
1394 9616
1394 9617
1394 9618
1394 9619
1394 9620
1394 6112
1394 9621
1394 9622
1394 9623
1394 9624
1394 9625
1394 9626
1394 9627
1394 9628
1394 9629
1394 9630
1394 9631
1394 9632
1394 9633
1394 9634
1394 9635
1394 9636
1394 9637
1394 9639
1394 9640
1394 9641
1394 9642
1394 9643
1394 9644
1394 9645
1394 9646
1394 9647
1394 9648
1394 9649
1394 9657
1394 9669
1394 9677
1394 9685
1394 9687
1394 9689
1394 9697
1394 9698
1394 9700
1394 9701
1394 9702
1394 9703
1394 9704
1394 9705
1394 9706
1394 9707
1394 9710
1394 9711
1394 9712
1394 9713
1394 9714
1394 9720
1394 9721
1394 9722
1394 9730
1394 9731
1394 9732
1394 9734
1394 9735
1394 9736
1394 9737
1394 9741
1394 9745
1394 9747
1394 9749
1394 9750
1394 9751
1394 9752
1394 9757
1394 9758
1394 9760
1394 9761
1394 9765
1394 9766
1394 9767
1394 9768
1394 9770
1394 9774
1394 9775
1394 9779
1394 9781
1394 9783
1394 9786
1394 9788
1394 9792
1394 7829
1394 9804
1394 9806
1394 9808
1394 9810
1394 9811
1394 9812
1394 9826
1394 9827
1394 9834
1394 9841
1394 9838
1394 9844
1394 9845
1394 9852
1394 9858
1394 9859
1394 9861
1394 9870
1394 9918
1394 9937
1394 9952
1394 9954
1394 9959
1394 9966
1394 9967
1394 9968
1394 9969
1394 9970
1394 9971
1394 9973
1394 9974
1394 9977
1394 9978
1394 9979
1394 9982
1394 9983
1394 9984
1394 9985
1394 9986
1394 9987
1394 9989
1394 9990
1394 10046
1394 10085
1394 10093
1394 10104
1394 10110
1394 10126
1394 10127
1394 10128
1394 10129
1394 10130
1394 10131
1394 10132
1394 8238
1394 10133
1394 10134
1394 10135
1394 3957
1394 10136
1394 10138
1394 10139
1394 10140
1394 10141
1394 10142
1394 10143
1394 10144
1394 10145
1394 10147
1394 10148
1394 10149
1394 10150
1394 10151
1394 10152
1394 10153
1394 10154
1394 10156
1394 10157
1394 10159
1394 10160
1394 10161
1394 10162
1394 10163
1394 10164
1394 10165
1394 10166
1394 10168
1394 10169
1394 10171
1394 10172
1394 10173
1394 10174
1394 10175
1394 10176
1394 10177
1394 10178
1394 10179
1394 10180
1394 10181
1394 10182
1394 10183
1394 10184
1394 10185
1394 7719
1394 10186
1394 10187
1394 10188
1394 10189
1394 10190
1394 10191
1394 10192
1394 10193
1394 10194
1394 10195
1394 10196
1394 10197
1394 10198
1394 10199
1394 10201
1394 10202
1394 10203
1394 10204
1394 10205
1394 10206
1394 10207
1394 10208
1394 3832
1394 10209
1394 10210
1394 10211
1394 10212
1394 10213
1394 10214
1394 10215
1394 10216
1394 10217
1394 10218
1394 10219
1394 10220
1394 10221
1394 10222
1394 10223
1394 10224
1394 10225
1394 10226
1394 10228
1394 10229
1394 10230
1394 10052
1394 10231
1394 9943
1394 10232
1394 10233
1394 10234
1394 10235
1394 10236
1394 10237
1394 10238
1394 10239
1394 10240
1394 10241
1394 2937
1394 10242
1394 10243
1394 10244
1394 10245
1394 10246
1394 10247
1394 10248
1394 10249
1394 10250
1394 10252
1394 10253
1394 10254
1394 10255
1394 10256
1394 10257
1394 10258
1394 10259
1394 10260
1394 10261
1394 10262
1394 10263
1394 10264
1394 10265
1394 10266
1394 10267
1394 10268
1394 10269
1394 10270
1394 10271
1394 10272
1394 10273
1394 10274
1394 10275
1394 10276
1394 10277
1394 4849
1394 2753
1394 10278
1394 10279
1394 10280
1394 10281
1394 10282
1394 10283
1394 10284
1394 10285
1394 10286
1394 10287
1394 10288
1394 10289
1394 10290
1394 10291
1394 10292
1394 10293
1394 10295
1394 5117
1394 10296
1394 10297
1394 10298
1394 10299
1394 10300
1394 10301
1394 10302
1394 10303
1394 10304
1394 10305
1394 10306
1394 10307
1394 10308
1394 10309
1394 5842
1394 10310
1394 10311
1394 10312
1394 10313
1394 10314
1394 10315
1394 10316
1394 10317
1394 10318
1394 10319
1394 10320
1394 10321
1394 10322
1394 10323
1394 10324
1394 10325
1394 10326
1394 10327
1394 10328
1394 10329
1394 10330
1394 10331
1394 10332
1394 10333
1394 10334
1394 10335
1394 10336
1394 10337
1394 10338
1394 10339
1394 10340
1394 10341
1394 10342
1394 10343
1394 10344
1394 10345
1394 10347
1394 10348
1394 10352
1394 10354
1394 10355
1394 10356
1796 6050
2016 8421
2028 2029
2028 2302
2028 2879
2037 2038
2037 2039
2037 3250
2037 5874
2037 8033
2038 7751
2264 5334
2369 6050
2396 6050
3081 3082
3081 3083
3084 3085
3084 3086
3084 3087
3084 3088
3084 3089
3084 3090
3084 3091
3084 3092
3084 3093
3084 3094
3084 3096
3084 3097
3084 3098
3084 3099
3084 3100
3084 3101
3084 3102
3084 3103
3084 3104
3084 3105
3084 3106
3084 3107
3084 3108
3084 3109
3084 3110
3084 3111
3084 3112
3084 3113
3084 3114
3084 3115
3084 3116
3084 3117
3084 3118
3084 3119
3084 3120
3084 3121
3084 3122
3084 3127
3084 3130
3084 3133
3084 3138
3084 3140
3084 3143
3084 3145
3084 3148
3084 3151
3084 3084
3084 3156
3084 3159
3084 3161
3084 3162
3084 3164
3084 3165
3084 3166
3084 3169
3084 3170
3084 3173
3084 3177
3084 3178
3084 3180
3084 3181
3084 3182
3084 3186
3084 3187
3084 3191
3084 3192
3084 3193
3084 3194
3084 3196
3084 3197
3084 3198
3084 3200
3084 3203
3084 3204
3084 3205
3084 3206
3084 3208
3084 3209
3084 3211
3084 3212
3084 3213
3084 3214
3084 3215
3084 3216
3084 3218
3084 3219
3084 3220
3084 3221
3084 3222
3084 3223
3084 3224
3084 3225
3084 3226
3084 3227
3084 3228
3084 3229
3084 3230
3084 3232
3084 3233
3084 3235
3084 3236
3084 3239
3084 3241
3084 3242
3084 3245
3084 3248
3084 3249
3084 3254
3084 3308
3084 3367
3084 3379
3084 3398
3084 3416
3084 3440
3084 3442
3084 3501
3084 3545
3084 3576
3084 3583
3084 3584
3084 3594
3084 3622
3084 3630
3084 3634
3084 3643
3084 3648
3084 3649
3084 3650
3084 3651
3084 3653
3084 3655
3084 3664
3084 3665
3084 3674
3084 3676
3084 3689
3084 3696
3084 3700
3084 3708
3084 3721
3084 3724
3084 3729
3084 3732
3084 3733
3084 3737
3084 3759
3084 3762
3084 3771
3084 3783
3084 3804
3084 3869
3084 3871
3084 3892
3084 5331
3084 5518
3084 6038
3084 6041
3084 8146
3084 8147
3084 8343
3084 8344
3084 8345
3084 8346
3084 8347
3084 8348
3084 8350
3084 8351
3084 8375
3084 8384
3084 9258
3656 3657
3656 3658
3656 3659
3656 3661
3656 3662
3656 3663
3656 3666
3656 3667
3656 3668
3656 3669
3656 3671
3656 3672
3656 3673
3656 3677
3656 3678
3656 3679
3656 3680
3656 3681
3656 3682
3656 3683
3656 3684
3656 3685
3656 3686
3656 3687
3656 3690
3656 3691
3656 3692
3656 3694
3656 3695
3656 3697
3656 3702
3656 3703
3656 3706
3656 3709
3656 3710
3656 3720
3656 3725
3656 3735
3656 3736
3656 3739
3656 3768
3656 3772
3656 3778
3656 3787
3656 3792
3656 3793
3656 3794
3656 3797
3656 3802
3656 3810
3656 3812
3656 3815
3656 3817
3656 3818
3656 5042
3656 5150
3656 5152
3656 5242
3656 5295
3656 5427
3656 5640
3656 5727
3656 5828
3656 5830
3877 8421
3979 6050
4280 8421
4763 6050
5334 5335
5334 5336
5334 5337
5334 5338
5334 5339
5334 5340
5334 5341
5334 5342
5334 5343
5334 5344
5334 5345
5334 5346
5334 5347
5334 5348
5334 5349
5334 5350
5334 5351
5334 5352
5334 5353
5334 5354
5334 5355
5334 5356
5334 5357
5334 5358
5334 5359
5334 5360
5334 5361
5334 5362
5334 5363
5334 5364
5334 5365
5334 5366
5334 5367
5334 5368
5334 5369
5334 5370
5334 5371
5334 5372
5334 5373
5334 5374
5334 5375
5334 5376
5334 5377
5334 5378
5334 5379
5334 5380
5334 5381
5334 5382
5334 5383
5334 5384
5334 5385
5334 5386
5334 5387
5334 5388
5334 5389
5334 5390
5334 5391
5334 5392
5334 5393
5334 5394
5334 5395
5334 5397
5334 5398
5334 5399
5334 5400
5334 5401
5334 5402
5334 5403
5334 5404
5334 5405
5334 5406
5334 5407
5334 5408
5334 5409
5334 5412
5334 5413
5334 5414
5334 5415
5334 5416
5334 5418
5334 5419
5334 5422
5334 5423
5334 5424
5334 5425
5334 5428
5334 5429
5334 5430
5334 5431
5334 5432
5334 5433
5334 5435
5334 5438
5334 5441
5334 5442
5334 5443
5334 5445
5334 5446
5334 5447
5334 5448
5334 5450
5334 5453
5334 5456
5334 5457
5334 5460
5334 5461
5334 5482
5334 5483
5334 5498
5334 5500
5334 5502
5334 5504
5334 5507
5334 5545
5334 5546
5472 5473
5472 8162
5472 8199
5472 9160
5472 9169
5472 9191
5472 9265
5518 6050
5551 5552
5551 5556
5551 5557
5551 5559
5551 5561
5551 5562
5551 5563
5551 5564
5551 5565
5551 5566
5551 5567
5551 5568
5551 5569
5551 5572
5551 5699
5551 5700
5551 5703
5551 5704
5551 5709
5551 5713
5551 6416
5551 6636
5551 7986
5551 8201
5551 8202
5551 8203
5551 8204
5551 8223
5551 8225
5551 8368
5551 9121
5551 9907
5577 5578
5577 5579
5577 5580
5577 5581
5577 5582
5577 5583
5577 5584
5577 5585
5577 5586
5577 5587
5577 5588
5577 5591
5577 5595
5577 5596
5577 5597
5577 5599
5577 5601
5577 5603
5577 5604
5577 5606
5577 5611
5577 5613
5577 5618
5577 5619
5577 5625
5577 5630
5577 5638
5577 5652
5577 5655
5577 5656
5577 5657
5577 5659
5577 5660
5577 5661
5577 5662
5577 5663
5577 5664
5577 5667
5577 5669
5577 5674
5577 5677
5577 5681
5577 5684
5577 5688
5577 5691
5577 5768
5577 6017
5577 6022
5577 6323
5577 6362
5577 6415
5577 6509
5577 6516
5577 6602
5577 7642
5577 8562
5577 9799
5843 5844
5843 5848
5843 5889
5843 5948
5843 6020
5843 6296
5843 6224
5843 6406
5843 6475
5843 6477
5843 6484
5843 6494
5843 6500
5843 6718
5843 7808
5852 6050
5885 8421
6050 6051
6050 6052
6050 6054
6050 6055
6050 6056
6050 6059
6050 6061
6050 6062
6050 6063
6050 6065
6050 6066
6050 6067
6050 6069
6050 6070
6050 6071
6050 6072
6050 6073
6050 6079
6050 6080
6050 6081
6050 6082
6050 6083
6050 6084
6050 6085
6050 6086
6050 6087
6050 6088
6050 6089
6050 6090
6050 6091
6050 6092
6050 6093
6050 6094
6050 6095
6050 6096
6050 6097
6050 6098
6050 6099
6050 6100
6050 6102
6050 6103
6050 6104
6050 6105
6050 6106
6050 6107
6050 6108
6050 6109
6050 6110
6050 6111
6050 6112
6050 6113
6050 6114
6050 6115
6050 6116
6050 6117
6050 6118
6050 6119
6050 6120
6050 6121
6050 6122
6050 6124
6050 6125
6050 6126
6050 6127
6050 6128
6050 6129
6050 6130
6050 6131
6050 6134
6050 6136
6050 6137
6050 6140
6050 6143
6050 6145
6050 6146
6050 6147
6050 6149
6050 6150
6050 6151
6050 6153
6050 6154
6050 6156
6050 6157
6050 6158
6050 6161
6050 6165
6050 6166
6050 6167
6050 6168
6050 6169
6050 6170
6050 6171
6050 6172
6050 6176
6050 6178
6050 6183
6050 6184
6050 6189
6050 6190
6050 6193
6050 6194
6050 6198
6050 6199
6050 6201
6050 6204
6050 6205
6050 6206
6050 6207
6050 6208
6050 6209
6050 6210
6050 6211
6050 6214
6050 6215
6050 6217
6050 6221
6050 6223
6050 6225
6050 6226
6050 6229
6050 6231
6050 6232
6050 6233
6050 6235
6050 6236
6050 6238
6050 6239
6050 6243
6050 6244
6050 6245
6050 6246
6050 6247
6050 6248
6050 6250
6050 6254
6050 6255
6050 6257
6050 6258
6050 6261
6050 6262
6050 6263
6050 6264
6050 6266
6050 6268
6050 6274
6050 6286
6050 6288
6050 6289
6050 6290
6050 6299
6050 6300
6050 6301
6050 6308
6050 6312
6050 6313
6050 6314
6050 6315
6050 6316
6050 6321
6050 6324
6050 6328
6050 6331
6050 6354
6050 6355
6050 6356
6050 6358
6050 6359
6050 6368
6050 6371
6050 6378
6050 6381
6050 6392
6050 6396
6050 6399
6050 6407
6050 6408
6050 6409
6050 6410
6050 6412
6050 6413
6050 6436
6050 6451
6050 6464
6050 6471
6050 6138
6050 6499
6050 6628
6050 6677
6050 6709
6050 6742
6050 7498
6050 7500
6050 7501
6050 7504
6050 7507
6050 7508
6050 7509
6050 7511
6050 7514
6050 7515
6050 7517
6050 7518
6050 7520
6050 7521
6050 7523
6050 7527
6050 7528
6050 7531
6050 7534
6050 7535
6050 7540
6050 7545
6050 7546
6050 7557
6050 7581
6050 7583
6050 7584
6050 7594
6050 7601
6050 7603
6050 7617
6050 7627
6050 7629
6050 7646
6050 7652
6050 7705
6050 7714
6050 7734
6050 7817
6050 7860
6050 8211
6050 8301
6050 8352
6050 8353
6050 8354
6050 8355
6050 8356
6050 8357
6050 8358
6050 8359
6050 8360
6050 8361
6050 8362
6050 8363
6050 8364
6050 8365
6050 8366
6050 8367
6050 8369
6050 8370
6050 8371
6050 8372
6050 8373
6050 8374
6050 8376
6050 8377
6050 8378
6050 8380
6050 8381
6050 8382
6050 8386
6050 8387
6050 8400
6050 8411
6050 8414
6332 6333
6332 6334
6332 6335
6332 6336
6332 6337
6332 6338
6332 6339
6332 6340
6332 6341
6332 6342
6332 6343
6332 6344
6332 6345
6332 6346
6332 6347
6332 6349
6332 6350
6332 6351
6332 6352
6332 6353
6332 6369
6332 6370
6332 6372
6332 6373
6332 6374
6332 6376
6332 6377
6332 6387
6332 6388
6332 6390
6332 6391
6332 6393
6332 6403
6332 6404
6332 6405
6420 8019
6568 8421
6640 8421
8019 8020
8019 8022
8019 8023
8019 8024
8019 8025
8019 8028
8019 8029
8019 8030
8019 8031
8019 8034
8019 8035
8019 8041
8019 8042
8019 8043
8019 8044
8019 8046
8019 8047
8019 8051
8019 8053
8019 8056
8019 8057
8019 8060
8019 8061
8019 8062
8019 8063
8019 8066
8019 8067
8019 8070
8019 8073
8019 8074
8019 8077
8019 8078
8019 8079
8019 8080
8019 8081
8019 8082
8019 8083
8019 8084
8019 8085
8019 8086
8019 8087
8019 8088
8019 8089
8019 8091
8019 8092
8019 8094
8019 8095
8019 8096
8019 8097
8019 8098
8019 8099
8019 8100
8019 8101
8019 8102
8019 8104
8019 8105
8019 8106
8019 8107
8019 8108
8019 8109
8019 8110
8019 8111
8019 8112
8019 8113
8019 8114
8019 8116
8019 8117
8019 8118
8019 8119
8019 8120
8019 8121
8019 8122
8019 8123
8019 8127
8019 8128
8019 8131
8019 8132
8019 8134
8019 8141
8019 8144
8019 8152
8019 8158
8019 8185
8019 8197
8019 8208
8019 8214
8019 8216
8019 8217
8019 8218
8019 8220
8019 8221
8019 8222
8019 8233
8019 8236
8019 8255
8019 8293
8019 8342
8261 8262
8261 9784
8421 8422
8421 8423
8421 8424
8421 8425
8421 8426
8421 8427
8421 8428
8421 8429
8421 8430
8421 8431
8421 8432
8421 8433
8421 8434
8421 8435
8421 8436
8421 8437
8421 8438
8421 8439
8421 8440
8421 8441
8421 8442
8421 8443
8421 8444
8421 8445
8421 8446
8421 8447
8421 8448
8421 8449
8421 8450
8421 8451
8421 8452
8421 8453
8421 8454
8421 8455
8421 8456
8421 8457
8421 8458
8421 8459
8421 8460
8421 8461
8421 8462
8421 8463
8421 8464
8421 8465
8421 8466
8421 8467
8421 8468
8421 8469
8421 8470
8421 8472
8421 8473
8421 8474
8421 8475
8421 8476
8421 8477
8421 8478
8421 8479
8421 8480
8421 8482
8421 8483
8421 8486
8421 8487
8421 8488
8421 8489
8421 8490
8421 8491
8421 8492
8421 8507
8421 8508
8421 8509
8421 8510
8421 8988
8421 8996
8421 8997
8421 9017
8421 9052
8421 9316
8421 9324
8421 9571
8421 9650
8421 9651
8421 9652
8421 9653
8421 9654
8421 9655
8421 9656
8421 9658
8421 9659
8421 9660
8421 9661
8421 9662
8421 9663
8421 9664
8421 9665
8421 9666
8421 9667
8421 9668
8421 9670
8421 9671
8421 9672
8421 9673
8421 9674
8421 9675
8421 9676
8421 9678
8421 9679
8421 9680
8421 9681
8421 9682
8421 9683
8421 9684
8421 9686
8421 9688
8421 9690
8421 9691
8421 9692
8421 9694
8421 9695
8421 9696
8421 9715
8421 9716
8421 9717
8421 9718
8421 9719
8421 9723
8421 9724
8421 9725
8421 9726
8421 9727
8421 9728
8421 9733
8421 9753
8421 9754
8421 9756
8421 9759
8421 9769
8421 9772
8421 9777
8421 9778
8421 9794
8421 9795
8421 9800
8421 9801
8421 9803
8421 9805
8421 9814
8421 9816
8421 9817
8421 9818
8421 9819
8421 9820
8421 9825
8421 9839
8421 9843
8421 9847
8421 9898
8421 9905
8421 9925
8421 9929
8421 9934
8421 9941
8421 9945
9311 9312
9330 9331
9330 9866
9330 10056
9763 9764
9763 9771
9763 9773
9763 9776
9763 9780
9763 9782
9763 9790
9763 9793
9763 9798
9763 9807
9763 9821
9763 9833
9763 9846
9763 9849
9763 9853
9763 9855
9763 9860
9763 9868
9763 9872
9763 9893
9763 9923
9763 9924
9763 9928
9763 9931
9763 9933
9763 9935
9763 9940
9763 9942
9763 9951
9763 9965
9763 9991
9763 9994
9763 10055
9763 10079
9763 10170
9763 10200
9763 10346
10089 10090
