0 1
0 54
0 63
0 71
0 189
0 205
0 233
0 264
0 266
0 279
0 291
0 338
0 345
0 367
0 368
0 369
0 371
0 378
0 413
0 418
0 568
0 584
0 605
0 620
0 632
0 654
0 679
0 720
0 732
0 736
0 972
0 1036
0 1065
0 1101
0 1154
0 1156
0 1157
0 1171
0 1175
0 1178
0 1189
0 1193
0 1295
0 1347
0 1367
0 1371
0 1380
0 1846
0 1850
0 1851
0 2366
0 2470
0 2646
0 2648
0 2654
0 2655
0 2724
0 2791
0 2877
0 3237
0 3336
0 3347
0 3368
0 3393
0 3468
0 3492
0 3493
0 3499
0 3501
0 3849
0 3863
0 3898
0 3901
0 4513
0 4925
0 4984
0 5331
0 5355
0 5360
0 5397
0 5401
0 5418
0 5424
0 5425
0 5447
0 5474
0 5478
0 5492
0 5497
0 5509
0 5510
0 5520
0 5521
0 5525
0 5527
0 5566
0 5577
0 5586
0 5797
0 5847
0 5850
0 5853
0 5868
0 6021
0 6061
0 6184
0 6193
0 6209
0 6363
0 6364
0 6389
0 6595
0 6601
0 6626
0 6629
0 6634
0 6639
0 6650
0 6663
0 6725
0 6776
0 6793
2 3
2 4
2 5
2 6
2 7
2 10
2 11
2 12
2 13
2 15
2 18
2 19
2 20
2 23
2 28
2 29
2 31
2 32
2 33
2 38
2 39
2 40
2 41
2 42
2 43
2 44
2 45
2 46
2 48
2 49
2 50
2 51
2 52
2 53
2 55
2 57
2 58
2 59
2 60
2 61
2 62
2 64
2 65
2 67
2 68
2 69
2 70
2 75
2 78
2 79
2 80
2 81
2 83
2 90
2 107
2 112
2 124
2 139
2 146
2 162
2 168
2 173
2 182
2 188
2 202
2 206
2 222
2 249
2 256
2 268
2 275
2 276
2 281
2 285
2 287
2 294
2 295
2 297
2 299
2 300
2 301
2 302
2 303
2 304
2 308
2 310
2 323
2 326
2 336
2 355
2 362
2 383
2 384
2 467
2 683
2 703
2 962
2 1017
2 1021
2 1038
2 1044
2 1045
2 1047
2 1096
2 1173
2 1186
2 1192
2 1198
2 1214
2 1231
2 1288
2 1463
2 1521
2 1661
2 2578
2 2750
2 2882
2 2954
2 3120
2 3411
2 3412
2 3413
2 3414
2 3415
2 3416
2 3417
2 3418
2 3419
2 3420
2 3421
2 3422
2 3423
2 3424
2 3425
2 3426
2 3427
2 3428
2 3429
2 3430
2 3431
2 3432
2 3433
2 3434
2 3435
2 3436
2 3437
2 3438
2 3442
2 3444
2 1767
2 3447
2 3449
2 3450
2 3451
2 3454
2 3455
2 3456
2 3457
2 3458
2 3459
2 3460
2 3464
2 3465
2 3466
2 3469
2 3470
2 3472
2 3473
2 873
2 3477
2 3478
2 3480
2 3482
2 3484
2 3485
2 3488
2 3491
2 3495
2 3496
2 3504
2 3515
2 3519
2 3522
2 3523
2 3529
2 3610
2 3719
2 3942
2 4528
2 4834
2 4912
2 4957
2 5317
2 5488
2 6068
2 6388
2 6473
2 6630
2 6810
6 1853
8 9
8 14
8 27
8 30
8 56
8 66
8 35
8 72
8 87
8 88
8 89
8 91
8 92
8 93
8 94
8 95
8 96
8 97
8 98
8 99
8 100
8 101
8 102
8 103
8 104
8 105
8 106
8 108
8 109
8 110
8 111
8 113
8 114
8 115
8 116
8 117
8 118
8 119
8 120
8 121
8 122
8 123
8 125
8 126
8 127
8 128
8 129
8 130
8 131
8 132
8 133
8 134
8 136
8 138
8 141
8 142
8 145
8 148
8 149
8 150
8 151
8 155
8 158
8 159
8 161
8 163
8 164
8 165
8 166
8 167
8 171
8 172
8 174
8 176
8 177
8 179
8 180
8 184
8 185
8 186
8 187
8 190
8 194
8 196
8 197
8 198
8 201
8 203
8 204
8 209
8 212
8 215
8 219
8 221
8 228
8 232
8 234
8 251
8 259
8 271
8 272
8 278
8 280
8 293
8 306
8 309
8 349
8 350
8 373
8 386
8 404
8 410
8 414
8 417
8 429
8 434
8 465
8 510
8 548
8 549
8 557
8 582
8 608
8 676
8 697
8 719
8 777
8 935
8 1008
8 1009
8 1040
8 1089
8 1165
8 1176
8 1181
8 1201
8 1239
8 1240
8 1241
8 1242
8 1243
8 1244
8 1245
8 1246
8 1247
8 1248
8 1249
8 1250
8 1251
8 1252
8 1253
8 1254
8 1255
8 1256
8 1258
8 1259
8 1260
8 1261
8 1262
8 1263
8 1264
8 1265
8 1269
8 1270
8 1271
8 1272
8 1273
8 1274
8 1275
8 1276
8 1278
8 1279
8 1280
8 1281
8 1282
8 1283
8 1284
8 1285
8 1286
8 1287
8 1289
8 1290
8 1291
8 1292
8 1293
8 1294
8 1296
8 1297
8 1298
8 1299
8 1300
8 1301
8 1302
8 1303
8 1304
8 1307
8 1308
8 1309
8 1311
8 1312
8 1313
8 1314
8 1315
8 1316
8 1317
8 1319
8 1320
8 1321
8 1323
8 1324
8 1326
8 1328
8 1331
8 1336
8 1343
8 1348
8 1349
8 1350
8 1353
8 1354
8 1355
8 1359
8 1361
8 1362
8 1363
8 1368
8 1370
8 1373
8 1376
8 1379
8 1402
8 1411
8 1451
8 1469
8 1491
8 1494
8 1506
8 1513
8 1514
8 1517
8 1519
8 1525
8 1527
8 1528
8 1534
8 1535
8 1572
8 1578
8 1600
8 1617
8 1618
8 1623
8 1626
8 1628
8 1636
8 1646
8 1647
8 1651
8 1672
8 1673
8 1674
8 1675
8 1676
8 1677
8 1678
8 1679
8 1680
8 1681
8 1682
8 1683
8 1684
8 1685
8 1686
8 1687
8 1688
8 1689
8 1690
8 1691
8 1692
8 1693
8 1694
8 1695
8 1696
8 1697
8 1698
8 1699
8 1700
8 1701
8 1702
8 1703
8 1704
8 1705
8 1706
8 1707
8 1708
8 1709
8 1710
8 1711
8 1712
8 1713
8 1714
8 1715
8 1716
8 1717
8 1718
8 1719
8 1720
8 1721
8 1722
8 1723
8 1724
8 1725
8 1726
8 1727
8 1728
8 1729
8 1730
8 1731
8 1732
8 1733
8 1734
8 1735
8 1736
8 1737
8 1738
8 1739
8 1740
8 1741
8 1742
8 1743
8 1744
8 1745
8 1746
8 1747
8 1748
8 1749
8 1750
8 1751
8 1752
8 1753
8 1754
8 1755
8 1756
8 1757
8 1758
8 1759
8 1760
8 1762
8 1763
8 1764
8 1765
8 1766
8 1767
8 1768
8 1769
8 1770
8 1771
8 1772
8 1773
8 1774
8 1775
8 1776
8 1777
8 1778
8 1779
8 1780
8 1781
8 1782
8 1783
8 1784
8 1785
8 1786
8 1788
8 1789
8 1790
8 1791
8 1792
8 1793
8 1794
8 1795
8 1796
8 1797
8 1798
8 1799
8 1800
8 1801
8 1802
8 1803
8 1804
8 1805
8 1806
8 1807
8 1808
8 1809
8 1810
8 1811
8 1812
8 1813
8 1814
8 1815
8 1816
8 1817
8 1818
8 1820
8 1821
8 1822
8 1823
8 1826
8 1827
8 1828
8 1829
8 1830
8 1832
8 1834
8 1835
8 1836
8 1837
8 1839
8 1840
8 1841
8 1842
8 1843
8 1845
8 1848
8 1849
8 1852
8 1888
8 1918
8 1928
8 1930
8 1940
8 1941
8 1957
8 2135
8 2152
8 2262
8 2397
8 2418
8 2422
8 2481
8 2485
8 2486
8 2487
8 2488
8 2489
8 2490
8 2491
8 2492
8 2493
8 2494
8 2496
8 2497
8 2498
8 2499
8 2500
8 2501
8 2502
8 2503
8 2504
8 2505
8 2506
8 2507
8 2508
8 2510
8 2511
8 2512
8 2513
8 2514
8 2515
8 2516
8 2517
8 2518
8 2519
8 2526
8 2529
8 2530
8 2531
8 2532
8 2533
8 2534
8 2535
8 2537
8 2539
8 2540
8 2541
8 2542
8 2544
8 2545
8 2546
8 2548
8 2551
8 2552
8 2556
8 2557
8 2558
8 2559
8 2560
8 2571
8 2572
8 2573
8 2605
8 2613
8 2622
8 2638
8 2642
8 2643
8 2645
8 2653
8 2664
8 2683
8 2685
8 2686
8 2689
8 2711
8 2722
8 2723
8 2731
8 2753
8 2761
8 2762
8 2770
8 2780
8 2790
8 2793
8 2804
8 2820
8 2885
8 2916
8 3310
8 3316
8 3322
8 3323
8 3325
8 3334
8 3342
8 3345
8 3350
8 3356
8 3364
8 3374
8 3381
8 3394
8 3397
8 3398
8 1055
8 3400
8 3403
8 3446
8 3461
8 3490
8 3524
8 3533
8 3539
8 3544
8 3548
8 3645
8 3652
8 3731
8 3732
8 3733
8 3734
8 3735
8 3736
8 3737
8 3739
8 3740
8 3741
8 3742
8 3743
8 3744
8 3745
8 3747
8 3748
8 3749
8 3750
8 3751
8 3753
8 3754
8 3756
8 3757
8 3758
8 3759
8 3760
8 3761
8 3762
8 3784
8 3798
8 3813
8 3823
8 3825
8 3826
8 3854
8 3855
8 3856
8 3857
8 3864
8 3866
8 3887
8 3904
8 3931
8 3936
8 3958
8 3967
8 3988
8 3989
8 3990
8 3991
8 3992
8 3993
8 3994
8 3995
8 3997
8 3998
8 3999
8 4000
8 4001
8 4002
8 4003
8 4004
8 4005
8 4006
8 4007
8 4008
8 4009
8 4010
8 4011
8 4012
8 4014
8 4015
8 4016
8 4017
8 4018
8 4019
8 4020
8 4021
8 4022
8 4023
8 4024
8 4025
8 4027
8 4029
8 4030
8 4031
8 4032
8 4033
8 4034
8 4035
8 4036
8 4037
8 4038
8 4039
8 4040
8 4041
8 4042
8 4043
8 4044
8 4045
8 4046
8 4048
8 4049
8 4055
8 4057
8 4058
8 4061
8 4062
8 4067
8 4068
8 4070
8 4071
8 4072
8 4073
8 4074
8 4076
8 4077
8 4079
8 4081
8 4083
8 4084
8 4087
8 4092
8 4093
8 4094
8 4099
8 4100
8 4102
8 4104
8 4105
8 4107
8 4109
8 4110
8 4111
8 4112
8 2447
8 4125
8 4131
8 4132
8 4133
8 4134
8 4136
8 4141
8 4144
8 4155
8 4156
8 4166
8 4170
8 4171
8 4172
8 4173
8 4174
8 4175
8 4176
8 4177
8 4178
8 4179
8 4180
8 4181
8 4182
8 4183
8 4184
8 4185
8 4186
8 4187
8 4188
8 4189
8 4190
8 4191
8 4192
8 4193
8 4194
8 4195
8 4196
8 4197
8 4198
8 4199
8 4200
8 4201
8 4202
8 4203
8 4204
8 4205
8 4206
8 4207
8 4209
8 4210
8 4211
8 4214
8 4215
8 4218
8 4219
8 4220
8 4221
8 4222
8 4223
8 4224
8 4225
8 4226
8 4233
8 4247
8 4287
8 4330
8 4371
8 4377
8 4388
8 4389
8 4455
8 4483
8 4488
8 4515
8 4527
8 4551
8 4552
8 4666
8 4690
8 4719
8 4959
8 4967
8 4977
8 5040
8 5052
8 5053
8 5054
8 5055
8 5056
8 5057
8 5058
8 5059
8 5060
8 5061
8 5062
8 5063
8 5064
8 5065
8 5066
8 5067
8 5068
8 5069
8 5070
8 5071
8 5072
8 5073
8 5074
8 5075
8 5077
8 5078
8 5079
8 5080
8 5081
8 5082
8 5083
8 5084
8 5086
8 5088
8 5089
8 5090
8 5091
8 5092
8 5093
8 5095
8 5096
8 5097
8 5098
8 5099
8 5100
8 5101
8 5102
8 5103
8 5104
8 5105
8 5106
8 5107
8 5108
8 5109
8 5110
8 5111
8 5112
8 5113
8 5114
8 5115
8 5116
8 5117
8 5118
8 5119
8 5120
8 5121
8 5122
8 5123
8 5124
8 5125
8 5126
8 5127
8 5128
8 5129
8 5130
8 5131
8 5132
8 5133
8 5134
8 5135
8 5136
8 5137
8 5138
8 5139
8 5140
8 5141
8 5142
8 5143
8 5144
8 5145
8 5146
8 5147
8 5148
8 5149
8 5150
8 5151
8 5152
8 5153
8 5154
8 5155
8 5156
8 5157
8 5158
8 5160
8 5161
8 5162
8 5163
8 5164
8 5165
8 5166
8 5167
8 5168
8 5169
8 5170
8 5171
8 5172
8 5174
8 5175
8 5176
8 5177
8 5178
8 5179
8 5180
8 5181
8 5182
8 5183
8 5184
8 5185
8 5186
8 5187
8 5188
8 5189
8 5190
8 5191
8 5192
8 5193
8 5194
8 5196
8 5197
8 5198
8 5199
8 5200
8 5201
8 5202
8 5203
8 5204
8 5205
8 5206
8 4839
8 5207
8 5208
8 5210
8 5211
8 5213
8 5214
8 5215
8 5216
8 5217
8 5219
8 5221
8 5223
8 5224
8 5225
8 5226
8 5227
8 5229
8 5230
8 5231
8 5232
8 5233
8 3579
8 5234
8 5235
8 5236
8 5237
8 5238
8 5239
8 5240
8 5241
8 5242
8 5243
8 5244
8 5245
8 5246
8 5247
8 5248
8 5249
8 5250
8 5251
8 5252
8 5253
8 5254
8 5255
8 5256
8 5257
8 5258
8 5259
8 5260
8 5261
8 5262
8 5263
8 5264
8 5265
8 5266
8 5267
8 5269
8 5270
8 5271
8 5272
8 5273
8 5274
8 5275
8 5277
8 5278
8 5279
8 5280
8 5281
8 5282
8 5283
8 5284
8 5285
8 5286
8 5288
8 5289
8 5290
8 5291
8 5296
8 5297
8 5298
8 5299
8 5300
8 5301
8 5303
8 5304
8 5305
8 5306
8 5307
8 5308
8 5309
8 5310
8 5312
8 5313
8 5314
8 5315
8 5318
8 5319
8 5320
8 5321
8 5322
8 5323
8 5324
8 5325
8 5326
8 5327
8 5328
8 5332
8 5333
8 5335
8 5336
8 5337
8 5338
8 5339
8 5342
8 5343
8 5344
8 5345
8 5346
8 5348
8 5349
8 5350
8 5351
8 5352
8 5354
8 5358
8 5359
8 5361
8 5365
8 5366
8 5367
8 5368
8 5370
8 5372
8 5373
8 5374
8 5376
8 5377
8 5378
8 5379
8 5380
8 5382
8 5384
8 5385
8 5386
8 5390
8 5391
8 5393
8 5394
8 5404
8 5443
8 5452
8 5464
8 5475
8 5476
8 5479
8 5487
8 5490
8 5505
8 5513
8 5563
8 5632
8 5687
8 5692
8 5694
8 5695
8 5696
8 5697
8 5698
8 5700
8 5705
8 5706
8 5708
8 5710
8 5711
8 5712
8 5717
8 5718
8 5723
8 5724
8 5725
8 5726
8 5727
8 5702
8 5728
8 5729
8 5730
8 5731
8 5732
8 5733
8 2328
8 5734
8 5747
8 5766
8 5777
8 5784
8 5823
8 5836
8 5936
8 5939
8 6006
8 2476
8 6041
8 6057
8 6090
8 6097
8 6123
8 6190
8 6218
8 6237
8 6238
8 6240
8 6242
8 6244
8 6249
8 6251
8 6252
8 6253
8 6254
8 6257
8 6258
8 6259
8 6261
8 6262
8 6263
8 6266
8 6267
8 6268
8 6269
8 6270
8 6273
8 6276
8 6277
8 6278
8 6279
8 6280
8 6281
8 6284
8 6286
8 6288
8 6289
8 6290
8 6291
8 6293
8 6295
8 6296
8 6299
8 6301
8 6303
8 6306
8 6307
8 6308
8 6309
8 6311
8 6312
8 6314
8 6315
8 6316
8 6318
8 6320
8 6322
8 6323
8 6324
8 6325
8 6326
8 6332
8 6374
8 6375
8 6379
8 6383
8 6384
8 6397
8 6398
8 6399
8 6400
8 6402
8 6403
8 6404
8 6405
8 6406
8 6408
8 6409
8 6411
8 6412
8 6416
8 6417
8 6418
8 6419
8 6420
8 6421
8 6422
8 6423
8 6424
8 6425
8 6426
8 6427
8 6428
8 6429
8 6430
8 6431
8 6432
8 6435
8 6436
8 6437
8 6438
8 6439
8 6440
8 6441
8 6442
8 6443
8 6444
8 6445
8 6446
8 6448
8 6449
8 6451
8 6453
8 6454
8 6455
8 6457
8 6459
8 6460
8 6461
8 6463
8 6464
8 6465
8 6466
8 6467
8 6468
8 6471
8 6499
8 6524
8 6526
8 6544
8 6547
8 6549
8 6557
8 6567
8 6572
8 6588
8 6591
8 6592
8 6598
8 6600
8 6631
8 6706
8 6727
8 6758
8 6760
8 6764
8 6765
8 6766
8 6771
8 6811
8 6812
8 6814
8 6815
8 6816
8 6817
8 6818
8 6820
8 6822
8 6825
8 6827
8 6833
16 17
16 911
21 22
21 86
21 229
21 370
21 740
21 943
21 1369
21 1393
21 1394
21 1396
21 1423
21 1438
21 1507
21 1573
21 1598
21 1615
21 2955
21 3520
21 3535
21 4095
21 4097
21 5515
21 6239
21 6407
21 6458
24 25
24 26
24 2561
24 2640
24 2650
24 2659
24 2660
24 2663
24 2665
24 2674
24 2702
24 2703
24 2714
24 2727
24 2734
24 2745
24 2746
24 6382
24 6393
24 6396
24 6462
24 6470
24 6478
24 6587
33 73
34 35
34 47
34 135
34 178
34 183
34 337
34 339
34 390
34 401
34 406
34 416
34 435
34 701
34 709
34 716
34 750
34 922
34 976
34 1002
34 1103
34 1180
34 1364
34 1389
34 1432
34 1441
34 1449
34 1450
34 1474
34 1476
34 1596
34 1648
34 1656
34 2451
34 2464
34 2582
34 2687
34 2794
34 2978
34 3159
34 3195
34 3249
34 3329
34 3348
34 3383
34 3405
34 3406
34 3463
34 3474
34 3508
34 3509
34 3521
34 3650
34 3667
34 3969
34 4080
34 4514
34 4604
34 4738
34 4742
34 4744
34 4775
34 5036
34 5044
34 5364
34 5369
34 5375
34 5396
34 5444
34 5460
34 5462
34 5534
34 5564
34 5571
34 5709
34 6050
34 6066
34 6169
34 6176
34 6194
34 6222
34 6319
34 6619
34 6733
34 6734
34 6736
34 6738
34 6739
34 6741
34 6742
34 6743
34 6745
34 6747
34 6748
34 6750
34 6752
34 6753
34 6754
34 6755
34 6757
34 6761
34 6767
34 6769
34 6775
34 6777
34 6778
34 6780
34 6782
34 6784
34 6785
34 6786
34 6788
34 6792
34 6794
34 6796
34 6797
34 6798
34 6799
34 6802
34 6803
34 6806
34 6809
34 6819
34 6828
34 6830
34 6831
36 37
36 137
36 140
36 147
36 152
36 156
36 157
36 160
36 175
36 242
36 284
36 286
36 289
36 305
36 333
36 430
36 432
36 436
36 437
36 438
36 439
36 440
36 441
36 442
36 443
36 444
36 445
36 446
36 448
36 449
36 450
36 451
36 453
36 454
36 455
36 456
36 457
36 458
36 461
36 462
36 463
36 466
36 468
36 469
36 470
36 471
36 473
36 475
36 476
36 478
36 479
36 481
36 520
36 540
36 564
36 575
36 587
36 636
36 668
36 671
36 684
36 685
36 686
36 687
36 691
36 699
36 704
36 706
36 712
36 713
36 717
36 735
36 893
36 985
36 986
36 987
36 988
36 989
36 990
36 992
36 993
36 995
36 996
36 997
36 999
36 1004
36 1007
36 1010
36 1012
36 1014
36 1020
36 1027
36 1028
36 1042
36 1049
36 1050
36 1055
36 1056
36 1059
36 1067
36 1073
36 1076
36 1079
36 1091
36 1097
36 1102
36 1145
36 1153
36 1158
36 1163
36 1170
36 1179
36 1223
36 1224
36 1226
36 1228
36 1229
36 1230
36 1235
36 1257
36 1277
36 1306
36 1322
36 1334
36 1335
36 1339
36 1342
36 1345
36 1351
36 1352
36 1375
36 1390
36 1391
36 1392
36 1395
36 1397
36 1399
36 1401
36 1403
36 1405
36 1406
36 1409
36 1410
36 1412
36 1413
36 1415
36 1416
36 1422
36 1425
36 1426
36 1427
36 1428
36 1429
36 1430
36 1433
36 1434
36 1435
36 1439
36 1442
36 1443
36 1444
36 1445
36 1446
36 1452
36 1453
36 1455
36 1456
36 1457
36 1458
36 1459
36 1460
36 1461
36 1462
36 1464
36 1465
36 1466
36 1467
36 1329
36 1468
36 1471
36 1473
36 1477
36 1478
36 1480
36 1482
36 1486
36 1487
36 1489
36 1490
36 1492
36 1496
36 1500
36 1511
36 1512
36 1516
36 1522
36 1523
36 1524
36 1529
36 1531
36 1532
36 1536
36 1631
36 1649
36 1650
36 1652
36 1653
36 1655
36 1663
36 1668
36 1819
36 1824
36 1833
36 1844
36 1847
36 1907
36 2466
36 2471
36 2472
36 2473
36 2538
36 2609
36 2695
36 2698
36 2699
36 2700
36 2713
36 2715
36 2739
36 2741
36 2743
36 2748
36 2792
36 2841
36 2974
36 3026
36 3290
36 3292
36 3516
36 3543
36 3573
36 3579
36 3583
36 3589
36 3590
36 3594
36 3595
36 3598
36 3604
36 3605
36 3611
36 3613
36 3623
36 3624
36 3649
36 3661
36 3679
36 3690
36 3708
36 3720
36 3824
36 3828
36 3829
36 3845
36 3853
36 3875
36 3915
36 3924
36 3925
36 3971
36 4013
36 4089
36 4090
36 4101
36 4490
36 4510
36 4526
36 4579
36 4582
36 4610
36 4622
36 4715
36 4717
36 4718
36 4725
36 4735
36 4743
36 4752
36 4771
36 4815
36 4816
36 4820
36 4826
36 4829
36 4911
36 4988
36 5276
36 5329
36 5330
36 5426
36 5427
36 239
36 5429
36 5430
36 5431
36 5432
36 5434
36 5435
36 5437
36 5438
36 5439
36 5440
36 5442
36 5477
36 5493
36 5496
36 5498
36 5502
36 5503
36 5523
36 5560
36 6821
36 6826
36 6829
36 6832
73 74
73 213
73 237
73 238
73 239
73 240
73 241
73 243
73 244
73 245
73 248
73 250
73 252
73 255
73 257
73 260
73 261
73 262
73 263
73 267
73 270
73 273
73 277
73 298
73 328
73 344
73 346
73 388
73 428
73 447
73 464
73 472
73 524
73 526
73 539
73 551
73 552
73 577
73 590
73 592
73 593
73 602
73 634
73 658
73 661
73 692
73 693
73 694
73 696
73 700
73 707
73 711
73 718
73 748
73 919
73 932
73 978
73 979
73 980
73 981
73 982
73 983
73 991
73 998
73 1000
73 1001
73 1003
73 1022
73 1025
73 1031
73 1081
73 1184
73 1207
73 1325
73 1327
73 1365
73 1515
73 1643
73 1664
73 2362
73 2364
73 2641
73 2822
73 2823
73 2824
73 2825
73 2826
73 2827
73 2828
73 2829
73 2830
73 2831
73 2832
73 2833
73 2834
73 2835
73 2836
73 2837
73 2838
73 2839
73 2840
73 2842
73 2843
73 2844
73 2845
73 2846
73 2847
73 2848
73 2849
73 2850
73 2851
73 2852
73 2853
73 2854
73 2855
73 2856
73 2857
73 2858
73 2859
73 2860
73 2861
73 2863
73 2873
73 2874
73 2875
73 2876
73 2878
73 2879
73 2880
73 2881
73 2889
73 2894
73 2901
73 2926
73 2927
73 2928
73 2933
73 2934
73 2936
73 2940
73 2942
73 2945
73 304
73 2947
73 2948
73 2949
73 2950
73 2962
73 2964
73 2965
73 2976
73 3155
73 3211
73 3227
73 3281
73 3335
73 3369
73 3396
73 3408
73 3410
73 3439
73 3440
73 3441
73 3443
73 3445
73 3448
73 3453
73 3462
73 3479
73 3486
73 3547
73 3946
73 4827
73 4828
73 4854
73 4856
73 4857
73 4860
73 4861
73 4862
73 4863
73 4864
73 4865
73 4866
73 4867
73 4868
73 4871
73 4872
73 4873
73 4878
73 4879
73 4880
73 4887
73 4888
73 4895
73 4898
73 4900
73 4901
73 4902
73 4910
73 4918
73 4929
73 4932
73 4933
73 4941
73 4945
73 4946
73 4956
73 4962
73 4979
73 4980
73 4981
73 4982
73 4985
73 4992
73 4993
73 4994
73 4996
73 4997
73 5000
73 5001
73 5002
73 5004
73 5007
73 5008
73 5010
73 5015
73 5019
73 5020
73 5021
73 5025
73 5026
73 5031
73 5034
73 5038
73 5039
73 5094
73 5173
73 5294
73 5334
73 5341
73 5363
73 5406
73 5407
73 5408
73 5409
73 5410
73 5411
73 5412
73 5413
73 5414
73 5415
73 5416
73 5419
73 5422
73 5423
73 5428
73 5433
73 5436
73 5943
73 5976
73 5977
73 5980
73 5983
73 5984
73 5988
73 5991
73 5992
73 5995
73 6000
73 6001
73 6002
73 6004
73 6005
73 6008
73 6010
73 6012
73 6013
73 6015
73 6018
73 6020
73 6022
73 6023
73 6024
73 6025
73 6027
73 6029
73 6031
73 6033
73 6034
73 6035
73 6054
73 6056
73 6067
73 6076
73 6084
73 6100
73 6101
73 6102
73 6103
73 6104
73 6105
73 6106
73 6107
73 6108
73 6109
73 6110
73 6111
73 6112
73 6113
73 6114
73 6116
73 6117
73 6118
73 6119
73 6120
73 6121
73 6122
73 6124
73 6125
73 6126
73 6127
73 6128
73 6130
73 6131
73 6132
73 6133
73 6134
73 6135
73 6136
73 6138
73 6140
73 6141
73 6142
73 6143
73 6146
73 6147
73 6148
73 6151
73 6152
73 6153
73 6154
73 6155
73 6156
73 6157
73 6158
73 6159
73 6160
73 6161
73 6162
73 6163
73 6164
73 6165
73 6166
73 6167
73 6168
73 6170
73 6173
73 6179
73 6181
73 6182
73 6183
73 6185
73 6191
73 6192
73 6195
73 6207
73 6211
73 6216
73 636
73 6247
73 6248
73 6250
73 6255
73 2638
73 6271
73 6283
73 6285
73 6327
73 6328
73 6329
73 6330
73 6331
73 6333
73 6334
73 6335
73 6336
73 6337
73 6338
73 6339
73 6340
73 6341
73 4447
73 6342
73 6343
73 6344
73 6345
73 6346
73 6347
73 6348
73 6349
73 6350
73 6351
73 6352
73 6353
73 6356
73 6358
73 6359
73 6360
73 6361
73 6362
73 6365
73 6366
73 6367
73 6368
73 6369
73 6370
73 6371
73 6372
73 6373
73 6376
73 6377
73 6378
73 6380
73 6392
73 6394
73 6395
73 6401
73 6414
73 6450
73 6456
73 576
73 6474
73 6475
73 6476
73 6477
73 6479
73 6480
73 6481
73 6482
73 6483
73 6484
73 6485
73 6486
73 6487
73 6488
73 6489
73 6490
73 6491
73 6492
73 6493
73 6494
73 6495
73 6496
73 6497
73 6498
73 6500
73 6501
73 6502
73 6503
73 6505
73 6506
73 6507
73 6509
73 6511
73 6512
73 6513
73 6515
73 6516
73 6517
73 6518
73 6519
73 6522
73 6525
73 6527
73 6528
73 6529
73 6530
73 6531
73 6532
73 6533
73 6534
73 6535
73 6536
73 6538
73 6539
73 6540
73 6541
73 6543
73 6545
73 6548
73 6550
73 6552
73 6553
73 6554
73 6555
73 6556
73 6558
73 6566
73 6569
73 6570
73 6573
73 6575
73 6576
73 6577
73 6578
73 6579
73 6580
73 6581
73 6582
73 6583
73 6584
73 6585
73 6593
73 6637
73 6640
73 6672
76 77
76 82
76 288
76 290
76 329
76 335
76 377
76 380
76 382
76 387
76 396
76 400
76 405
76 408
76 412
76 427
76 452
76 482
76 483
76 484
76 485
76 486
76 487
76 488
76 489
76 490
76 491
76 492
76 493
76 494
76 495
76 496
76 497
76 498
76 499
76 500
76 501
76 502
76 503
76 504
76 505
76 506
76 507
76 508
76 509
76 511
76 512
76 513
76 514
76 515
76 516
76 517
76 518
76 519
76 521
76 522
76 523
76 525
76 527
76 528
76 529
76 530
76 531
76 532
76 533
76 534
76 535
76 536
76 537
76 538
76 541
76 542
76 543
76 544
76 545
76 546
76 547
76 550
76 553
76 554
76 555
76 556
76 558
76 560
76 561
76 562
76 563
76 565
76 566
76 567
76 569
76 570
76 571
76 572
76 573
76 574
76 576
76 578
76 579
76 581
76 583
76 585
76 586
76 588
76 589
76 594
76 595
76 596
76 598
76 600
76 601
76 603
76 604
76 606
76 607
76 609
76 610
76 611
76 612
76 613
76 614
76 615
76 616
76 617
76 618
76 619
76 624
76 625
76 626
76 627
76 628
76 630
76 631
76 633
76 635
76 637
76 638
76 639
76 640
76 641
76 642
76 643
76 644
76 645
76 646
76 647
76 648
76 649
76 650
76 651
76 652
76 653
76 655
76 656
76 657
76 660
76 662
76 664
76 665
76 666
76 667
76 669
76 673
76 677
76 678
76 681
76 688
76 689
76 690
76 705
76 708
76 710
76 714
76 721
76 722
76 723
76 725
76 726
76 731
76 733
76 734
76 901
76 952
76 974
76 1005
76 1034
76 1046
76 1048
76 1082
76 1093
76 1190
76 1209
76 1212
76 1372
76 1386
76 1431
76 1440
76 1475
76 1611
76 1621
76 1624
76 1630
76 1632
76 1634
76 1635
76 1642
76 1645
76 1657
76 1658
76 1662
76 1665
76 1825
76 1906
76 2180
76 2365
76 2428
76 2432
76 2434
76 2465
76 2607
76 2644
76 2652
76 2656
76 2662
76 2672
76 2688
76 2690
76 2692
76 2693
76 2694
76 2696
76 2697
76 2712
76 2717
76 2718
76 2726
76 2728
76 2729
76 2730
76 2732
76 2733
76 2735
76 2736
76 2737
76 2738
76 2740
76 2751
76 2752
76 2754
76 2760
76 2872
76 2883
76 2887
76 2912
76 2921
76 2930
76 2932
76 2941
76 2944
76 2946
76 2952
76 2956
76 2975
76 2980
76 3008
76 3009
76 3063
76 3113
76 3164
76 3339
76 3360
76 3401
76 3409
76 3467
76 3475
76 3483
76 3487
76 3489
76 3497
76 3498
76 3500
76 3502
76 3506
76 3510
76 3511
76 3512
76 3514
76 3527
76 3528
76 3534
76 3536
76 3537
76 3538
76 3541
76 3549
76 3550
76 3551
76 3552
76 3553
76 3554
76 3555
76 3556
76 3558
76 3559
76 3560
76 3561
76 3562
76 3563
76 3564
76 3565
76 3566
76 3567
76 3568
76 3569
76 3570
76 3571
76 3572
76 3574
76 3575
76 3576
76 3577
76 3578
76 3580
76 3581
76 3582
76 3584
76 3585
76 3586
76 3587
76 3588
76 3591
76 3592
76 3593
76 3596
76 3597
76 3600
76 3601
76 3602
76 3603
76 3606
76 3607
76 3608
76 3609
76 3612
76 3614
76 3615
76 3616
76 3617
76 3618
76 3619
76 3620
76 3621
76 3622
76 3626
76 3627
76 3628
76 3629
76 3630
76 3631
76 3632
76 3633
76 3634
76 3635
76 3636
76 3637
76 3638
76 3639
76 3640
76 3641
76 3642
76 3643
76 3644
76 3646
76 3647
76 3648
76 3651
76 3653
76 3654
76 3655
76 3656
76 3657
76 3658
76 3659
76 3662
76 3663
76 3664
76 3665
76 3666
76 3669
76 3670
76 3671
76 3672
76 3673
76 3674
76 3675
76 3676
76 3677
76 3678
76 3680
76 3681
76 3682
76 3683
76 3684
76 3686
76 3687
76 3689
76 3691
76 3692
76 3693
76 3694
76 3695
76 3696
76 3697
76 3698
76 3699
76 3700
76 3701
76 3702
76 3703
76 3704
76 3705
76 3706
76 3707
76 3709
76 3710
76 3711
76 3712
76 3713
76 3714
76 3716
76 3717
76 3718
76 3721
76 3722
76 3723
76 3724
76 3729
76 3730
76 3746
76 3752
76 3822
76 3830
76 3831
76 3838
76 3865
76 3867
76 3868
76 3874
76 3886
76 3895
76 3897
76 3905
76 3906
76 3907
76 3908
76 3916
76 3917
76 3926
76 3927
76 3928
76 3935
76 3945
76 3947
76 3948
76 3950
76 3955
76 3956
76 3966
76 4047
76 4056
76 4075
76 4082
76 4091
76 4096
76 4098
76 4474
76 4525
76 4544
76 4545
76 4546
76 4882
76 4896
76 4935
76 4990
76 5003
76 5042
76 5045
76 5159
76 5268
76 5292
76 5316
76 5392
76 5403
76 5420
76 5473
76 5494
76 5495
76 5499
76 5500
76 5501
76 5507
76 5508
76 5511
76 5514
76 5516
76 5522
76 5526
76 5535
76 5542
76 5544
76 5546
76 5548
76 5553
76 5562
76 5570
76 5579
76 5581
76 5582
76 5664
76 5671
76 5701
76 5748
76 5749
76 5750
76 5751
76 5752
76 5753
76 5754
76 5755
76 5756
76 5757
76 5759
76 5765
76 5768
76 5770
76 5771
76 5772
76 5774
76 5775
76 5776
76 5778
76 5781
76 5783
76 5785
76 5786
76 5787
76 5792
76 5798
76 5800
76 5801
76 5802
76 5803
76 5804
76 5807
76 5810
76 5811
76 5812
76 5813
76 5815
76 5816
76 5817
76 5818
76 5820
76 5826
76 5828
76 5837
76 5842
76 5845
76 5846
76 5848
76 5849
76 5898
76 5900
76 5924
76 5949
76 5950
76 5951
76 5952
76 5954
76 5956
76 5957
76 5958
76 5960
76 5962
76 5965
76 5967
76 5973
76 5975
76 5979
76 5982
76 5987
76 5989
76 5993
76 5997
76 5998
76 6007
76 6014
76 6052
76 6069
76 6072
76 6073
76 6087
76 6137
76 6144
76 6149
76 6171
76 6230
76 6287
76 6294
76 6354
76 6385
76 6391
76 6410
76 6469
76 6504
76 6589
76 6590
76 6594
76 6599
76 6618
76 6620
76 6623
76 6682
76 6683
76 6684
76 6685
76 6687
76 6688
76 6692
76 6694
76 6695
76 6696
76 6698
76 6699
76 6700
76 6701
76 6703
76 6704
76 6705
76 6708
76 6710
76 6711
76 6713
76 6715
76 6716
76 6717
76 6719
76 6720
76 6721
76 6722
76 6724
76 6728
76 6729
76 6730
76 6732
76 6737
76 6746
76 6768
76 6772
76 6773
76 6774
76 6779
76 6781
76 6783
76 6791
76 6807
76 6808
76 6824
76 6834
84 85
84 191
84 192
84 193
84 195
84 199
84 200
84 216
84 218
84 224
84 225
84 227
84 231
84 236
84 265
84 269
84 360
84 361
84 363
84 389
84 403
84 421
84 422
84 431
84 591
84 599
84 629
84 680
84 682
84 702
84 715
84 730
84 908
84 973
84 1033
84 1041
84 1043
84 1090
84 1381
84 1382
84 1383
84 1385
84 1387
84 1388
84 1398
84 1400
84 1407
84 1417
84 1470
84 1472
84 1479
84 1481
84 1483
84 1484
84 1485
84 1488
84 1510
84 1518
84 1520
84 1530
84 1545
84 1549
84 1594
84 1612
84 1616
84 1637
84 1638
84 1644
84 1660
84 1666
84 1943
84 2679
84 2821
84 2918
84 2935
84 2938
84 2981
84 2982
84 2983
84 2984
84 2985
84 2986
84 2987
84 2988
84 2989
84 2990
84 2991
84 2992
84 2993
84 2994
84 2995
84 2996
84 2997
84 2998
84 2999
84 3000
84 3001
84 3002
84 3003
84 3004
84 3005
84 1865
84 3006
84 3007
84 3010
84 3011
84 3012
84 3013
84 3014
84 3015
84 3016
84 3017
84 3018
84 3019
84 3020
84 3021
84 3022
84 3023
84 3024
84 3029
84 3035
84 3037
84 3046
84 3048
84 3056
84 3064
84 3070
84 3084
84 3095
84 3097
84 3099
84 3100
84 3103
84 3117
84 3119
84 3124
84 3126
84 3130
84 3136
84 3142
84 3143
84 3149
84 3150
84 3152
84 3154
84 3163
84 3171
84 3178
84 3182
84 3186
84 3190
84 3202
84 3208
84 3210
84 3221
84 3234
84 3241
84 3268
84 3271
84 3299
84 3319
84 3327
84 3331
84 3354
84 3362
84 3363
84 3365
84 3366
84 3367
84 3370
84 3372
84 3373
84 3377
84 3378
84 3379
84 3380
84 1236
84 3384
84 3385
84 3386
84 3388
84 3404
84 3471
84 3476
84 3494
84 3503
84 3526
84 3727
84 3728
84 3738
84 4557
84 4730
84 4809
84 4954
84 5209
84 5441
84 5445
84 5449
84 5463
84 5568
84 5667
84 5819
84 5844
84 5851
84 5852
84 5948
84 6017
84 6040
84 6070
84 6086
84 6088
84 6098
84 6172
84 6641
84 6642
84 6643
84 6644
84 6645
84 6646
84 6647
84 6648
84 6649
84 6651
84 6652
84 6653
84 6654
84 6655
84 6656
84 6657
84 6658
84 6659
84 6660
84 6661
84 6662
84 6664
84 6665
84 6666
84 6667
84 6668
84 6669
84 6671
84 6673
84 6674
84 6677
84 6678
84 6679
84 6680
84 6681
84 6686
84 6689
84 6690
84 6691
84 6693
84 6697
84 6702
84 6707
84 6709
84 6712
84 6723
84 6726
84 6735
84 6740
84 6744
84 6749
84 6751
84 6759
84 6763
84 6789
84 6790
84 6795
84 6800
84 6801
121 398
143 144
143 423
143 474
143 915
143 920
143 969
143 1013
143 1162
143 1227
143 1233
143 1236
143 1267
143 1437
143 1641
143 2649
143 2725
143 2810
143 4955
143 4958
143 4961
143 4986
143 5013
143 5504
143 5572
143 5573
153 154
153 747
153 749
153 751
153 752
153 753
153 754
153 755
153 756
153 757
153 758
153 759
153 760
153 761
153 762
153 763
153 764
153 765
153 766
153 767
153 768
153 769
153 770
153 771
153 772
153 774
153 775
153 776
153 778
153 779
153 780
153 781
153 782
153 783
153 784
153 785
153 787
153 788
153 789
153 790
153 791
153 792
153 793
153 794
153 795
153 796
153 797
153 798
153 799
153 800
153 801
153 802
153 803
153 804
153 805
153 806
153 807
153 808
153 809
153 810
153 811
153 812
153 813
153 814
153 815
153 816
153 817
153 818
153 819
153 820
153 821
153 822
153 823
153 824
153 826
153 827
153 828
153 829
153 830
153 831
153 832
153 833
153 834
153 835
153 836
153 837
153 838
153 839
153 840
153 841
153 842
153 843
153 844
153 845
153 846
153 847
153 848
153 849
153 851
153 852
153 853
153 854
153 855
153 856
153 857
153 858
153 859
153 860
153 862
153 863
153 864
153 865
153 866
153 867
153 869
153 870
153 871
153 872
153 873
153 874
153 875
153 876
153 878
153 880
153 881
153 882
153 883
153 890
153 891
153 892
153 894
153 895
153 896
153 897
153 898
153 899
153 900
153 902
153 903
153 905
153 906
153 907
153 909
153 910
153 912
153 913
153 914
153 916
153 917
153 918
153 921
153 923
153 184
153 925
153 926
153 927
153 928
153 929
153 930
153 931
153 933
153 934
153 936
153 937
153 938
153 939
153 940
153 941
153 942
153 944
153 945
153 946
153 948
153 950
153 954
153 955
153 956
153 957
153 958
153 959
153 961
153 963
153 964
153 965
153 966
153 967
153 968
153 970
153 971
153 977
153 1006
153 1011
153 1015
153 1016
153 1018
153 1019
153 1024
153 1026
153 1032
153 1037
153 1051
153 1095
153 1136
153 1161
153 1225
153 1266
153 1329
153 1330
153 1332
153 1337
153 1338
153 1356
153 1595
153 1622
153 1921
153 2429
153 2567
153 2677
153 2742
153 5381
153 6060
153 3419
153 6129
153 6447
153 6670
169 170
169 181
169 214
169 392
169 402
169 426
169 477
169 698
169 2657
169 2678
169 2931
169 2951
169 2953
169 2967
169 2969
169 2972
169 3277
169 3308
169 3685
169 5467
169 5580
169 5656
207 208
207 210
207 211
207 217
207 220
207 223
207 226
207 230
207 235
207 253
207 254
207 274
207 292
207 327
207 419
207 825
207 884
207 887
207 947
207 953
207 1216
207 1217
207 1218
207 1222
207 1268
207 1384
207 1408
207 1414
207 1418
207 1420
207 1421
207 1424
207 1639
207 2744
207 3285
207 3296
207 3300
207 3304
207 3306
207 3307
207 3540
207 3542
207 4028
207 4085
207 5454
207 5524
207 5541
207 6302
207 6304
207 6317
207 6381
207 6676
207 6731
207 6756
207 6770
240 398
246 247
246 258
246 296
246 307
246 724
246 727
246 850
246 861
246 868
246 877
246 885
246 886
246 888
246 889
246 949
246 951
246 960
246 975
246 984
246 994
246 1023
246 1196
246 1197
246 1366
246 1454
246 1669
246 1761
246 2457
246 2549
246 2608
246 2749
246 4547
246 4657
246 5362
246 5446
246 5506
246 5543
246 5567
246 5999
246 6032
246 6039
246 6044
246 6053
246 6091
246 6092
246 6093
246 6095
246 6096
246 6099
246 6115
246 6212
246 6213
246 6214
246 6215
246 6387
246 6823
282 283
282 1188
282 1220
282 2747
311 312
311 313
311 314
311 315
311 316
311 317
311 318
311 319
311 320
311 321
311 322
311 324
311 325
311 330
311 331
311 332
311 334
311 342
311 343
311 351
311 374
311 391
311 409
311 411
311 415
311 424
311 1537
311 1538
311 1539
311 1540
311 1541
311 1542
311 1543
311 1544
311 1548
311 1550
311 1551
311 1552
311 1553
311 1554
311 1555
311 1556
311 1557
311 1558
311 1559
311 1560
311 1561
311 1562
311 1563
311 1564
311 1565
311 1566
311 1567
311 1568
311 1569
311 1570
311 1571
311 1574
311 1575
311 1576
311 1577
311 1579
311 1580
311 1581
311 1582
311 1583
311 1584
311 1585
311 1586
311 1587
311 1588
311 1589
311 1590
311 1591
311 1592
311 1593
311 1597
311 1599
311 1601
311 1602
311 1603
311 1604
311 1605
311 1606
311 1608
311 1609
311 1610
311 1613
311 1614
311 1619
311 1620
311 1625
311 1627
311 1629
311 1633
311 1640
311 1659
311 2528
340 341
340 395
340 433
340 3341
340 3513
340 4702
340 340
340 5450
347 348
347 1035
352 353
352 354
352 356
352 357
352 358
352 359
352 364
352 365
352 366
352 372
352 375
352 376
352 379
352 381
352 385
352 393
352 394
352 397
352 407
352 420
352 425
352 580
352 663
352 670
352 672
352 674
352 675
352 2759
352 2763
352 2862
352 3545
352 3546
352 3557
352 3599
352 3625
352 3660
352 3668
352 3715
352 3725
352 3763
352 3996
352 4026
352 4050
352 4054
352 4108
352 5468
352 6071
398 399
398 480
398 559
398 597
398 621
398 695
398 904
398 1185
398 1202
398 1221
398 1237
398 1310
398 1333
398 1378
398 1436
398 2268
398 2269
398 2270
398 2271
398 2272
398 2279
398 2280
398 2281
398 2282
398 2283
398 2284
398 2285
398 2287
398 2289
398 2290
398 2294
398 2295
398 2297
398 2298
398 2299
398 2300
398 2307
398 2308
398 2309
398 2310
398 2311
398 2312
398 2314
398 2315
398 2316
398 2317
398 2324
398 2327
398 2328
398 2330
398 2331
398 2332
398 2333
398 2334
398 2342
398 2343
398 2344
398 2345
398 2346
398 2347
398 2349
398 2350
398 2351
398 2352
398 2353
398 2355
398 2356
398 2357
398 2358
398 2359
398 2372
398 2373
398 2376
398 2377
398 801
398 2386
398 2388
398 2389
398 2395
398 2396
398 2398
398 2399
398 2435
398 2436
398 2437
398 2438
398 2439
398 2474
398 2475
398 2476
398 2477
398 2482
398 2483
398 2484
398 2562
398 2563
398 2564
398 2566
398 2568
398 2569
398 2570
398 2574
398 2575
398 2576
398 2577
398 2578
398 2579
398 2584
398 2585
398 2586
398 2587
398 2588
398 2589
398 2590
398 2591
398 2592
398 2593
398 2594
398 2595
398 2596
398 2597
398 2598
398 2599
398 2600
398 2601
398 2602
398 2603
398 2604
398 2610
398 2611
398 2612
398 2614
398 2615
398 2616
398 2617
398 2618
398 2619
398 2620
398 2621
398 2623
398 2624
398 2625
398 2626
398 2627
398 2628
398 2630
398 2632
398 2633
398 2634
398 2635
398 2636
398 2637
398 2658
398 2661
398 2666
398 2667
398 2668
398 2669
398 2670
398 2671
398 2673
398 2675
398 2676
398 2680
398 2681
398 2682
398 2684
398 2691
398 2704
398 2705
398 2706
398 2707
398 2708
398 2710
398 2755
398 2756
398 2757
398 2758
398 2764
398 2765
398 2766
398 2767
398 2768
398 2769
398 2771
398 2772
398 2773
398 2774
398 2775
398 2776
398 2777
398 2778
398 2779
398 2781
398 2782
398 2783
398 2784
398 2785
398 2786
398 2787
398 2788
398 2789
398 2795
398 2796
398 2797
398 2798
398 2799
398 2800
398 2801
398 2802
398 2803
398 2805
398 2806
398 2807
398 2808
398 2809
398 2811
398 2812
398 2813
398 2814
398 2815
398 2816
398 2817
398 2818
398 2819
398 2864
398 2865
398 2866
398 2867
398 2868
398 2869
398 2870
398 2871
398 2884
398 2885
398 2886
398 2888
398 2905
398 2906
398 2907
398 2908
398 2909
398 2910
398 2911
398 2913
398 2914
398 2915
398 2917
398 2919
398 2920
398 2922
398 2923
398 2924
398 2925
398 2929
398 2939
398 2943
398 2958
398 2959
398 2960
398 2961
398 2963
398 2968
398 2970
398 2971
398 2973
398 3183
398 3253
398 3276
398 3284
398 3287
398 3309
398 3517
398 3518
398 3525
398 3531
398 3532
398 3885
398 3944
398 3953
398 3987
398 4227
398 4228
398 4229
398 4230
398 4231
398 4232
398 4234
398 4235
398 4236
398 4237
398 4238
398 4239
398 4240
398 4241
398 4242
398 4243
398 4244
398 4245
398 4246
398 4248
398 4249
398 4250
398 4251
398 4252
398 4253
398 4254
398 4255
398 4256
398 4257
398 4258
398 4259
398 4260
398 4261
398 4262
398 4263
398 4264
398 4265
398 4266
398 4267
398 4268
398 4269
398 4270
398 4271
398 1812
398 4272
398 4273
398 4274
398 1007
398 4275
398 4276
398 4277
398 4278
398 4279
398 4280
398 4281
398 4282
398 4283
398 4284
398 4285
398 4286
398 4288
398 4289
398 4290
398 4291
398 4292
398 4293
398 4294
398 4295
398 4296
398 4297
398 4298
398 4299
398 4300
398 4301
398 4302
398 4303
398 4304
398 4305
398 4306
398 4307
398 4308
398 4309
398 4199
398 4310
398 4311
398 4312
398 4313
398 4314
398 4315
398 4316
398 4317
398 4318
398 4319
398 4320
398 4321
398 4322
398 4323
398 4324
398 4325
398 4326
398 4327
398 4328
398 4329
398 4332
398 4333
398 4334
398 4335
398 4336
398 4338
398 4341
398 4342
398 4343
398 4344
398 4345
398 4346
398 4347
398 4349
398 4350
398 4351
398 4352
398 4353
398 4354
398 4355
398 4356
398 4357
398 4358
398 4359
398 4360
398 4361
398 4362
398 4363
398 4365
398 4366
398 4367
398 4368
398 4369
398 4370
398 4373
398 4374
398 4375
398 4376
398 4378
398 4379
398 4380
398 4381
398 4382
398 4383
398 4384
398 4385
398 4386
398 4390
398 4391
398 4392
398 4393
398 1409
398 4394
398 4395
398 4396
398 4397
398 4398
398 4399
398 4400
398 4401
398 4402
398 4403
398 4404
398 4405
398 4406
398 4407
398 4408
398 4409
398 4410
398 4411
398 4412
398 4413
398 4414
398 4415
398 4416
398 4417
398 4418
398 4419
398 4420
398 4421
398 4422
398 4423
398 4424
398 4425
398 4426
398 4427
398 4428
398 4429
398 4430
398 4431
398 4432
398 4433
398 4434
398 4435
398 4436
398 4437
398 4438
398 4439
398 4440
398 4441
398 4442
398 4443
398 4444
398 4445
398 4446
398 4447
398 4448
398 4449
398 4450
398 4451
398 4452
398 4453
398 4454
398 4457
398 4458
398 4459
398 4461
398 4462
398 4463
398 4464
398 4466
398 4467
398 4468
398 4470
398 4471
398 4475
398 4476
398 4477
398 4478
398 4479
398 4480
398 4481
398 4482
398 4484
398 4485
398 4486
398 4487
398 4489
398 4491
398 4492
398 4493
398 4494
398 4495
398 4496
398 4497
398 4498
398 4499
398 4500
398 4501
398 4502
398 4503
398 4504
398 4505
398 4506
398 4507
398 4508
398 4509
398 4511
398 4512
398 4516
398 4517
398 4518
398 4519
398 4520
398 4521
398 4522
398 4523
398 4524
398 4529
398 4530
398 4531
398 4532
398 4534
398 4535
398 4536
398 4537
398 4538
398 4539
398 4548
398 4549
398 4550
398 4553
398 4554
398 4555
398 4556
398 4590
398 4592
398 4594
398 4595
398 4600
398 4606
398 4608
398 4613
398 4616
398 4617
398 4619
398 4635
398 4636
398 4639
398 4641
398 4646
398 4650
398 4779
398 4796
398 4798
398 4802
398 4805
398 4814
398 4823
398 4825
398 4846
398 4848
398 4849
398 4852
398 4870
398 4885
398 4897
398 4903
398 4916
398 4922
398 4923
398 5017
398 5018
398 5027
398 5028
398 5033
398 5035
398 5371
398 2362
398 5398
398 5400
398 5402
398 5448
398 5458
398 5470
398 5519
398 5550
398 5569
398 5575
398 5578
398 5583
398 5584
398 5585
398 5587
398 5588
398 5589
398 5612
398 5613
398 5614
398 5686
398 5688
398 5699
398 5713
398 5714
398 5722
398 5809
398 5814
398 5821
398 5834
398 5860
398 5861
398 5869
398 5870
398 5873
398 5877
398 5878
398 5879
398 5880
398 5881
398 5882
398 5883
398 5884
398 5885
398 5886
398 5887
398 5888
398 5889
398 5890
398 5893
398 5894
398 5895
398 5896
398 5897
398 5899
398 5903
398 5905
398 5907
398 5908
398 5909
398 5910
398 5911
398 5912
398 5913
398 5914
398 5919
398 5931
398 5933
398 5934
398 5935
398 5937
398 5938
398 5940
398 5941
398 5942
398 5944
398 5945
398 5946
398 5947
398 6036
398 6038
398 6058
398 6059
398 6064
398 6065
398 6074
398 6075
398 6079
398 6094
398 6272
398 6321
398 6357
398 6390
398 6413
398 6452
459 460
459 659
459 1667
459 3827
459 6298
510 1931
622 623
622 1305
622 1318
622 1654
622 2419
622 3189
622 6049
728 729
728 737
728 773
728 2469
728 2478
728 2479
728 2509
728 2522
728 2536
728 2543
728 2631
728 2647
728 2719
728 2977
728 2979
728 3153
728 4059
728 4069
728 4078
728 4086
728 4088
728 4103
728 4106
728 4543
728 4558
728 4561
728 4562
728 4563
728 4564
728 4565
728 4567
728 4568
728 4569
728 4570
728 4571
728 4572
728 4573
728 4574
728 4575
728 4576
728 4577
728 4578
728 4580
728 4581
728 4584
728 4585
728 4586
728 4587
728 4588
728 4589
728 4591
728 4593
728 4596
728 4597
728 4598
728 4599
728 4601
728 4602
728 4603
728 4605
728 4607
728 4609
728 4611
728 4612
728 4614
728 4615
728 4618
728 4620
728 4621
728 4623
728 4624
728 4625
728 4626
728 4627
728 4628
728 4629
728 4630
728 4631
728 4632
728 4633
728 4634
728 4637
728 4638
728 4640
728 4642
728 4643
728 4644
728 4645
728 4647
728 4648
728 4649
728 4651
728 4652
728 4653
728 4654
728 4655
728 4656
728 4658
728 4659
728 4660
728 4661
728 4662
728 4663
728 4664
728 4665
728 4667
728 4669
728 4670
728 4671
728 4672
728 4673
728 4675
728 4676
728 4677
728 4678
728 4679
728 4680
728 4681
728 4682
728 4683
728 4684
728 4685
728 4686
728 4687
728 4688
728 4689
728 4691
728 4692
728 4693
728 4694
728 4695
728 4696
728 4697
728 4698
728 4699
728 4700
728 4701
728 4703
728 4704
728 4705
728 4706
728 4707
728 4708
728 4709
728 4710
728 4711
728 4712
728 4713
728 4714
728 4716
728 4720
728 4721
728 4722
728 4723
728 4724
728 4726
728 4727
728 4728
728 4729
728 4731
728 4732
728 4733
728 4734
728 4736
728 4737
728 4739
728 4740
728 4741
728 4745
728 4746
728 4747
728 4749
728 4750
728 4751
728 4754
728 4758
728 4759
728 4761
728 4762
728 4763
728 4764
728 4766
728 4768
728 4769
728 4770
728 4772
728 4773
728 4774
728 4776
728 4777
728 4778
728 4780
728 4781
728 4782
728 4783
728 4784
728 4785
728 4786
728 4787
728 4788
728 4789
728 4790
728 4791
728 4792
728 4793
728 4794
728 4795
728 4797
728 2716
728 4799
728 2437
728 4800
728 4801
728 4803
728 4804
728 4806
728 4807
728 4808
728 4810
728 4811
728 4241
728 4812
728 4813
728 4817
728 4818
728 4819
728 4821
728 4822
728 4824
728 4830
728 4831
728 4832
728 4833
728 4835
728 4836
728 4837
728 4840
728 4843
728 4844
728 4845
728 4847
728 4850
728 4858
728 4875
728 4876
728 4881
728 4883
728 4889
728 4890
728 4891
728 4892
728 4893
728 4894
728 4899
728 4905
728 4906
728 4907
728 4908
728 4913
728 4914
728 4917
728 4919
728 4920
728 4921
728 4924
728 4926
728 4928
728 4930
728 4931
728 4934
728 4936
728 4937
728 4938
728 4939
728 4940
728 4942
728 4943
728 4944
728 4947
728 4948
728 4949
728 4950
728 4951
728 4952
728 4953
728 4960
728 4963
728 4964
728 4965
728 4966
728 4968
728 4969
728 4970
728 4971
728 4972
728 4973
728 4974
728 4975
728 4976
728 4978
728 4983
728 4989
728 4991
728 4995
728 4998
728 4999
728 5005
728 5006
728 5009
728 5011
728 5012
728 5014
728 5016
728 5023
728 5024
728 5029
728 5030
728 5032
728 5037
728 5041
728 5043
728 5046
728 5047
728 5048
728 5049
728 5050
728 5051
728 5076
728 5085
728 5087
728 5195
728 5212
728 5218
728 5220
728 5222
728 5228
728 5287
728 5293
728 5295
728 5302
728 5311
728 5340
728 5347
728 5353
728 5356
728 5357
728 5383
728 5387
728 5388
728 5389
728 5395
728 5399
728 5405
728 5417
728 5421
728 5451
728 5453
728 5465
728 5466
728 5469
728 5485
728 5486
728 5491
728 5512
728 5517
728 5518
728 5555
728 5574
728 5576
728 5593
728 5773
728 5827
728 5971
728 6045
728 6150
728 6433
728 6616
738 739
738 745
738 879
738 1493
741 742
741 743
741 744
741 746
741 786
741 924
741 1039
1029 1030
1029 2701
1052 1053
1052 1054
1052 1057
1052 1058
1052 1060
1052 1061
1052 1062
1052 1063
1052 1064
1052 1066
1052 1068
1052 1069
1052 1070
1052 1071
1052 1072
1052 1074
1052 1075
1052 1077
1052 1078
1052 1080
1052 1083
1052 1084
1052 1085
1052 1086
1052 1087
1052 1088
1052 1092
1052 1094
1052 1098
1052 1099
1052 1100
1052 1104
1052 1105
1052 1106
1052 1107
1052 1108
1052 1109
1052 1110
1052 1111
1052 1112
1052 1113
1052 1114
1052 1115
1052 1116
1052 1117
1052 1118
1052 1119
1052 1120
1052 1121
1052 1122
1052 1123
1052 1124
1052 1125
1052 1126
1052 1127
1052 1128
1052 1129
1052 1130
1052 1131
1052 1132
1052 1133
1052 1134
1052 1135
1052 1137
1052 1138
1052 1139
1052 1140
1052 1141
1052 1142
1052 1143
1052 1144
1052 1146
1052 1147
1052 1148
1052 1149
1052 1150
1052 1151
1052 1152
1052 1155
1052 1159
1052 1160
1052 1164
1052 1166
1052 1167
1052 1168
1052 1169
1052 1172
1052 1174
1052 1177
1052 1182
1052 1183
1052 1187
1052 1191
1052 1194
1052 1195
1052 1199
1052 1200
1052 1203
1052 1206
1052 1213
1052 1215
1052 1219
1052 1232
1052 1234
1052 1238
1052 1344
1052 1346
1052 1374
1052 1447
1052 1448
1052 1831
1052 3530
1204 1205
1204 1208
1204 1404
1204 1419
1204 1495
1204 1497
1204 1499
1210 1211
1263 1931
1340 1341
1340 1377
1340 3168
1340 6139
1357 1358
1357 1360
1357 1498
1357 1501
1357 1502
1357 1503
1357 1504
1357 1505
1357 1508
1357 1509
1357 1526
1357 1533
1357 1546
1357 1547
1357 1607
1357 1838
1670 1671
1670 1787
1726 1931
1853 1854
1853 1855
1853 1856
1853 1857
1853 1858
1853 1859
1853 1860
1853 1861
1853 1862
1853 1863
1853 1864
1853 1865
1853 1866
1853 1867
1853 1868
1853 1869
1853 1870
1853 1871
1853 1872
1853 1873
1853 1874
1853 1875
1853 1876
1853 1877
1853 1878
1853 1879
1853 1880
1853 1881
1853 1882
1853 1883
1853 1884
1853 1885
1853 1886
1853 1887
1853 1889
1853 1890
1853 1891
1853 1892
1853 1893
1853 1894
1853 1895
1853 1896
1853 1897
1853 1898
1853 1899
1853 1900
1853 1901
1853 1902
1853 1903
1853 1904
1853 1905
1853 1908
1853 1909
1853 1910
1853 1911
1853 1912
1853 1913
1853 1914
1853 1915
1853 1916
1853 1917
1853 1919
1853 1920
1853 1922
1853 1923
1853 1924
1853 1925
1853 1926
1853 1927
1853 1929
1853 1942
1853 1946
1853 1950
1853 1951
1853 1953
1853 1954
1853 1961
1853 1962
1853 1963
1853 1964
1853 1972
1853 1973
1853 1974
1853 1975
1853 1976
1853 1977
1853 1978
1853 1979
1853 1980
1853 1981
1853 1982
1853 1983
1853 1984
1853 1985
1853 1986
1853 1987
1853 1988
1853 1989
1853 1990
1853 1991
1853 1992
1853 1993
1853 1994
1853 1995
1853 1996
1853 1997
1853 1998
1853 1999
1853 2000
1853 2001
1853 2002
1853 2003
1853 2004
1853 2005
1853 2006
1853 2007
1853 2008
1853 2009
1853 2010
1853 2011
1853 2012
1853 2013
1853 2014
1853 2015
1853 2016
1853 2017
1853 2018
1853 2019
1853 2020
1853 2021
1853 2022
1853 2023
1853 2024
1853 2025
1853 2026
1853 2027
1853 2028
1853 2029
1853 2030
1853 2031
1853 2032
1853 2033
1853 2034
1853 2035
1853 2036
1853 2037
1853 2038
1853 2039
1853 2040
1853 2041
1853 2042
1853 2043
1853 2044
1853 2045
1853 2046
1853 2047
1853 2048
1853 2049
1853 2050
1853 2051
1853 2052
1853 2053
1853 2054
1853 2055
1853 2056
1853 2057
1853 2058
1853 2059
1853 2060
1853 2061
1853 2062
1853 2063
1853 2064
1853 2065
1853 2066
1853 2067
1853 2068
1853 2069
1853 2070
1853 2071
1853 2072
1853 2073
1853 2074
1853 2075
1853 2076
1853 2077
1853 2078
1853 2079
1853 2080
1853 2081
1853 2082
1853 2083
1853 2084
1853 2085
1853 2086
1853 2087
1853 2088
1853 2089
1853 2090
1853 2091
1853 2092
1853 2093
1853 2094
1853 2095
1853 2096
1853 2097
1853 2098
1853 2099
1853 2100
1853 2101
1853 2102
1853 2103
1853 2104
1853 2105
1853 2106
1853 2107
1853 2108
1853 2109
1853 2110
1853 2111
1853 2112
1853 2113
1853 2114
1853 2115
1853 2116
1853 2117
1853 2118
1853 2119
1853 2120
1853 2121
1853 2122
1853 2123
1853 2124
1853 2125
1853 2126
1853 2127
1853 2128
1853 2129
1853 2130
1853 2131
1853 2132
1853 2133
1853 2134
1853 2136
1853 2137
1853 2138
1853 2139
1853 2140
1853 2141
1853 2148
1853 2150
1853 2153
1853 2154
1853 2155
1853 2156
1853 2157
1853 2158
1853 2159
1853 2160
1853 2161
1853 2162
1853 2163
1853 2164
1853 2165
1853 2166
1853 2170
1853 2172
1853 2173
1853 2175
1853 2178
1853 2179
1853 2182
1853 2185
1853 2186
1853 2188
1853 2192
1853 2194
1853 2195
1853 2196
1853 2197
1853 2198
1853 2199
1853 2201
1853 2202
1853 2203
1853 2204
1853 2208
1853 2212
1853 2213
1853 2214
1853 2216
1853 2217
1853 2218
1853 2219
1853 2220
1853 2221
1853 2222
1853 2226
1853 2228
1853 2231
1853 2234
1853 2235
1853 2236
1853 2237
1853 2238
1853 2239
1853 2240
1853 2241
1853 2242
1853 2243
1853 2244
1853 2245
1853 2246
1853 2247
1853 2248
1853 2249
1853 2250
1853 2251
1853 2253
1853 2254
1853 2255
1853 2260
1853 2263
1853 2265
1853 2266
1853 2267
1853 2273
1853 2274
1853 2275
1853 2276
1853 2277
1853 2278
1853 2286
1853 2293
1853 2303
1853 2304
1853 2305
1853 2306
1853 2313
1853 2318
1853 2321
1853 2325
1853 2329
1853 2337
1853 2340
1853 2341
1853 2348
1853 2354
1853 2360
1853 2361
1853 2363
1853 2367
1853 2368
1853 2369
1853 2370
1853 2371
1853 2374
1853 2375
1853 2378
1853 2380
1853 2382
1853 2383
1853 2392
1853 2393
1853 2394
1853 2400
1853 2401
1853 2402
1853 2403
1853 2404
1853 2405
1853 2406
1853 2407
1853 2408
1853 2409
1853 2410
1853 2411
1853 2412
1853 2413
1853 2414
1853 2415
1853 2416
1853 2417
1853 2420
1853 2421
1853 2423
1853 2424
1853 2425
1853 2426
1853 2427
1853 2430
1853 2431
1853 2433
1853 2440
1853 2441
1853 2442
1853 2443
1853 2445
1853 2447
1853 2449
1853 2450
1853 2452
1853 2453
1853 2454
1853 2458
1853 2459
1853 2460
1853 2462
1853 2463
1853 2480
1853 2495
1853 2547
1853 2565
1853 2581
1853 2606
1853 2629
1853 2639
1853 2651
1853 2709
1853 2716
1853 3025
1853 3027
1853 3028
1853 3030
1853 3031
1853 3032
1853 3033
1853 3034
1853 3036
1853 3038
1853 3039
1853 3040
1853 3041
1853 3042
1853 3043
1853 3044
1853 3045
1853 3047
1853 3049
1853 3050
1853 3051
1853 3052
1853 3053
1853 3054
1853 3055
1853 3057
1853 3058
1853 3059
1853 3060
1853 3061
1853 3062
1853 3065
1853 3066
1853 3067
1853 3068
1853 3069
1853 3071
1853 3072
1853 3073
1853 3074
1853 3075
1853 3076
1853 3077
1853 3078
1853 3079
1853 3080
1853 3081
1853 3082
1853 3083
1853 3085
1853 3086
1853 3087
1853 3088
1853 3089
1853 3090
1853 3091
1853 3093
1853 3094
1853 3096
1853 3098
1853 3101
1853 3102
1853 3104
1853 3105
1853 3106
1853 3107
1853 3108
1853 3109
1853 3110
1853 3111
1853 3112
1853 3114
1853 3115
1853 3116
1853 3118
1853 3122
1853 3123
1853 3125
1853 3127
1853 3128
1853 3129
1853 3131
1853 3132
1853 3133
1853 3134
1853 3135
1853 3137
1853 3138
1853 3139
1853 3140
1853 3141
1853 3145
1853 3146
1853 3147
1853 3148
1853 3151
1853 3156
1853 3157
1853 3158
1853 3160
1853 3161
1853 3162
1853 3165
1853 3166
1853 3167
1853 3169
1853 3170
1853 3172
1853 3173
1853 3174
1853 3175
1853 3176
1853 3177
1853 3179
1853 3180
1853 3181
1853 3184
1853 3185
1853 3187
1853 3188
1853 3191
1853 3192
1853 3193
1853 3194
1853 3196
1853 3197
1853 3198
1853 3199
1853 3200
1853 3201
1853 3203
1853 3205
1853 3206
1853 3207
1853 3209
1853 3212
1853 3213
1853 3214
1853 3215
1853 3216
1853 3217
1853 3218
1853 3219
1853 3220
1853 3222
1853 3223
1853 3224
1853 3225
1853 3226
1853 3228
1853 3229
1853 3230
1853 3231
1853 3232
1853 3233
1853 3235
1853 3236
1853 3238
1853 3239
1853 3240
1853 3242
1853 3243
1853 3244
1853 3245
1853 3246
1853 3247
1853 3248
1853 3250
1853 3251
1853 3252
1853 3254
1853 3255
1853 3256
1853 3257
1853 3258
1853 3259
1853 3260
1853 3261
1853 3262
1853 3263
1853 3264
1853 3265
1853 3266
1853 3267
1853 3269
1853 3270
1853 3272
1853 3273
1853 3274
1853 3275
1853 3278
1853 3279
1853 3280
1853 3282
1853 3283
1853 3286
1853 3287
1853 3288
1853 3289
1853 3291
1853 3293
1853 3294
1853 3295
1853 3297
1853 3298
1853 3301
1853 3302
1853 3303
1853 3305
1853 3311
1853 3312
1853 3313
1853 3314
1853 3315
1853 3317
1853 3318
1853 3320
1853 3321
1853 3324
1853 3326
1853 3328
1853 3330
1853 3332
1853 3333
1853 3338
1853 3344
1853 3346
1853 3349
1853 3351
1853 3352
1853 3355
1853 3359
1853 3371
1853 3375
1853 3376
1853 3382
1853 3391
1853 3402
1853 3407
1853 3452
1853 3481
1853 3505
1853 3507
1853 3688
1853 3726
1853 4387
1853 4767
1853 6762
1931 1932
1931 1933
1931 1934
1931 1935
1931 1936
1931 1937
1931 1938
1931 1939
1931 1944
1931 1945
1931 1947
1931 1948
1931 1949
1931 1952
1931 1955
1931 1956
1931 1958
1931 1959
1931 1960
1931 1965
1931 1966
1931 1967
1931 1968
1931 1969
1931 1970
1931 1971
1931 2142
1931 2143
1931 2144
1931 2145
1931 2146
1931 2147
1931 2149
1931 2151
1931 2167
1931 2168
1931 2169
1931 2171
1931 2174
1931 2176
1931 2177
1931 2181
1931 2183
1931 2184
1931 2187
1931 2189
1931 2190
1931 2191
1931 2193
1931 2200
1931 2205
1931 2206
1931 2207
1931 2209
1931 2210
1931 2211
1931 2215
1931 2223
1931 2224
1931 2225
1931 2227
1931 2229
1931 2230
1931 2232
1931 2233
1931 2252
1931 2256
1931 2257
1931 2258
1931 2259
1931 2261
1931 2264
1931 2288
1931 2291
1931 2292
1931 2296
1931 2301
1931 2302
1931 2319
1931 2320
1931 2322
1931 2323
1931 2326
1931 2335
1931 2336
1931 2338
1931 2339
1931 2379
1931 2381
1931 2384
1931 2385
1931 2387
1931 2390
1931 2391
1931 2444
1931 2446
1931 2448
1931 2455
1931 2456
1931 2461
1931 2467
1931 2468
1931 2520
1931 2521
1931 2523
1931 2524
1931 2525
1931 2527
1931 2550
1931 2553
1931 2554
1931 2555
1931 2580
1931 2583
1931 2890
1931 2891
1931 2892
1931 2893
1931 2895
1931 2896
1931 2897
1931 2898
1931 2899
1931 2900
1931 2937
1931 2957
1931 2966
1931 3092
1931 3121
1931 3144
1931 3204
1931 3337
1931 3340
1931 3343
1931 3353
1931 3357
1931 3358
1931 3361
1931 3387
1931 3389
1931 3390
1931 3392
1931 3395
1931 3399
1931 3755
1931 3764
1931 3765
1931 3766
1931 3767
1931 3768
1931 3769
1931 3770
1931 3771
1931 3772
1931 3773
1931 3774
1931 3775
1931 3776
1931 3777
1931 3778
1931 3779
1931 3780
1931 3781
1931 3782
1931 3783
1931 3785
1931 3786
1931 3787
1931 3788
1931 3789
1931 3790
1931 3791
1931 3792
1931 3793
1931 3794
1931 3795
1931 3796
1931 3797
1931 3799
1931 3800
1931 3801
1931 3802
1931 3803
1931 3804
1931 3805
1931 3806
1931 3807
1931 3808
1931 3809
1931 3810
1931 3811
1931 3812
1931 3814
1931 3815
1931 3816
1931 3817
1931 3818
1931 3819
1931 3820
1931 3821
1931 3832
1931 3833
1931 3834
1931 3835
1931 3836
1931 3837
1931 3839
1931 3840
1931 3841
1931 3842
1931 3843
1931 3844
1931 3846
1931 3847
1931 3848
1931 3850
1931 3851
1931 3852
1931 3858
1931 3859
1931 3860
1931 3861
1931 3862
1931 3869
1931 3870
1931 3871
1931 3872
1931 3873
1931 3876
1931 3877
1931 3878
1931 3879
1931 3880
1931 3881
1931 3882
1931 3883
1931 3884
1931 3888
1931 3889
1931 3890
1931 3891
1931 3892
1931 3893
1931 3894
1931 3896
1931 3899
1931 3900
1931 3902
1931 3903
1931 3909
1931 3910
1931 3911
1931 3912
1931 3913
1931 3914
1931 3918
1931 3919
1931 3920
1931 3921
1931 3922
1931 3923
1931 3929
1931 3930
1931 3932
1931 3933
1931 3934
1931 3937
1931 3938
1931 3939
1931 3940
1931 3941
1931 3943
1931 3949
1931 3951
1931 3952
1931 3954
1931 3957
1931 3959
1931 3960
1931 3961
1931 3962
1931 3963
1931 3964
1931 3965
1931 3968
1931 3970
1931 3972
1931 3973
1931 3974
1931 3975
1931 3976
1931 3977
1931 3978
1931 3979
1931 3980
1931 3981
1931 3982
1931 3983
1931 3984
1931 3985
1931 3986
1931 4051
1931 4052
1931 4053
1931 4060
1931 4063
1931 4064
1931 4065
1931 4066
1931 4113
1931 4114
1931 4115
1931 4116
1931 4117
1931 4118
1931 4119
1931 4120
1931 4121
1931 4122
1931 4123
1931 4124
1931 4126
1931 4127
1931 4128
1931 4129
1931 4130
1931 4135
1931 4137
1931 4138
1931 4139
1931 4140
1931 4142
1931 4143
1931 4145
1931 4146
1931 4147
1931 4148
1931 4149
1931 4150
1931 4151
1931 4152
1931 4153
1931 4154
1931 4157
1931 4158
1931 4159
1931 4160
1931 4161
1931 4162
1931 4163
1931 4164
1931 4165
1931 4167
1931 4168
1931 4169
1931 4208
1931 4212
1931 4213
1931 4216
1931 4217
1931 4331
1931 4337
1931 4339
1931 4340
1931 4348
1931 4364
1931 4372
1931 4456
1931 4460
1931 4465
1931 4469
1931 4472
1931 4473
1931 4533
1931 4540
1931 4541
1931 4542
1931 4559
1931 4560
1931 4566
1931 4583
1931 4668
1931 4674
1931 4748
1931 4753
1931 4755
1931 4756
1931 4757
1931 4760
1931 4765
1931 4838
1931 4839
1931 4841
1931 4842
1931 4851
1931 4853
1931 4855
1931 4859
1931 4869
1931 4874
1931 4877
1931 4884
1931 4886
1931 4904
1931 4909
1931 4915
1931 4927
1931 4987
1931 5022
1931 5455
1931 5456
1931 5457
1931 5459
1931 5461
1931 5471
1931 5472
1931 5528
1931 5529
1931 5531
1931 5532
1931 5533
1931 5536
1931 5537
1931 5538
1931 5539
1931 5540
1931 5545
1931 5547
1931 5551
1931 5552
1931 5554
1931 5556
1931 5557
1931 5558
1931 5559
1931 5561
1931 5565
1931 5590
1931 5591
1931 5592
1931 5594
1931 5595
1931 5596
1931 5597
1931 5598
1931 5599
1931 5600
1931 5601
1931 5602
1931 5603
1931 5604
1931 5605
1931 5606
1931 5607
1931 5608
1931 5609
1931 5610
1931 5611
1931 5615
1931 5616
1931 5617
1931 5618
1931 5619
1931 5620
1931 5621
1931 5622
1931 5623
1931 5624
1931 5625
1931 5626
1931 5627
1931 5628
1931 5629
1931 5630
1931 5631
1931 5633
1931 5634
1931 5635
1931 5636
1931 5637
1931 5638
1931 5639
1931 5640
1931 5641
1931 5642
1931 5643
1931 5644
1931 5645
1931 5646
1931 5647
1931 5648
1931 5649
1931 5650
1931 5651
1931 5652
1931 5653
1931 5654
1931 5655
1931 5657
1931 5658
1931 5659
1931 5660
1931 5661
1931 5662
1931 5663
1931 5665
1931 5666
1931 5668
1931 5669
1931 5670
1931 5672
1931 5673
1931 5674
1931 5675
1931 5676
1931 5677
1931 5678
1931 5679
1931 5680
1931 5681
1931 5682
1931 5683
1931 5684
1931 5685
1931 5689
1931 5690
1931 5691
1931 5693
1931 5702
1931 5703
1931 5704
1931 5707
1931 5715
1931 5716
1931 5719
1931 5720
1931 5721
1931 5735
1931 5736
1931 5737
1931 5738
1931 5739
1931 5740
1931 5741
1931 5742
1931 5743
1931 5744
1931 5745
1931 5746
1931 5760
1931 5761
1931 5762
1931 5763
1931 5764
1931 5767
1931 5769
1931 5779
1931 5780
1931 5782
1931 5788
1931 5789
1931 5790
1931 5791
1931 5794
1931 5795
1931 5796
1931 5799
1931 5805
1931 5806
1931 5808
1931 5822
1931 5824
1931 5825
1931 5829
1931 5830
1931 5831
1931 5832
1931 5833
1931 5835
1931 5838
1931 5839
1931 5840
1931 5841
1931 5843
1931 5854
1931 5855
1931 5856
1931 5857
1931 5858
1931 5859
1931 5862
1931 5863
1931 5864
1931 5865
1931 5866
1931 5867
1931 5871
1931 5872
1931 5874
1931 5875
1931 5876
1931 5891
1931 5892
1931 5901
1931 5902
1931 5904
1931 5906
1931 5915
1931 5916
1931 5917
1931 5918
1931 5920
1931 5921
1931 5922
1931 5923
1931 5925
1931 5926
1931 5927
1931 5928
1931 5929
1931 5930
1931 5932
1931 5953
1931 5955
1931 5959
1931 5961
1931 5963
1931 5964
1931 6042
1931 6043
1931 6046
1931 6047
1931 6048
1931 6051
1931 6077
1931 6078
1931 6080
1931 6081
1931 6082
1931 6083
1931 6089
1931 6145
1931 6174
1931 6175
1931 6177
1931 6178
1931 6180
1931 6186
1931 6187
1931 6188
1931 6189
1931 6196
1931 6197
1931 6198
1931 6199
1931 6200
1931 6201
1931 6202
1931 6203
1931 6204
1931 6205
1931 6208
1931 6210
1931 6217
1931 6219
1931 6220
1931 6221
1931 6223
1931 6224
1931 6225
1931 6226
1931 6227
1931 6228
1931 6229
1931 6231
1931 6232
1931 6233
1931 6234
1931 6235
1931 6236
1931 6241
1931 6243
1931 6245
1931 6246
1931 6256
1931 6260
1931 6264
1931 6265
1931 6274
1931 6275
1931 6282
1931 6292
1931 6297
1931 6300
1931 6305
1931 6310
1931 6313
1931 6434
1931 6472
1931 6508
1931 6510
1931 6514
1931 6520
1931 6521
1931 6523
1931 6537
1931 6542
1931 6546
1931 6551
1931 6559
1931 6560
1931 6561
1931 6562
1931 6563
1931 6564
1931 6565
1931 6568
1931 6571
1931 6574
1931 6586
1931 6632
1931 6633
1931 6675
2720 2721
2720 6813
2902 2903
2902 2904
5480 5481
5480 5482
5480 5483
5480 5484
5480 5489
5480 5530
5480 5549
5480 5758
5480 5793
5480 5966
5480 5968
5480 5969
5480 5970
5480 5972
5480 5974
5480 5978
5480 5981
5480 5985
5480 5986
5480 5990
5480 5994
5480 5996
5480 6003
5480 6009
5480 6011
5480 6016
5480 6019
5480 6026
5480 6028
5480 6030
5480 6037
5480 6055
5480 6085
5480 6206
5480 6386
5480 6415
5480 6602
5480 6603
5480 6604
5480 6605
5480 6606
5480 6607
5480 6608
5480 6609
5480 6610
5480 6611
5480 6612
5480 6613
5480 6614
5480 6615
5480 6617
5480 6621
5480 6622
5480 6624
5480 6625
5480 6627
5480 6628
5480 6635
5480 6636
5480 6638
5480 6714
5480 6718
5480 6787
6062 6063
6062 6355
6596 6597
6804 6805
