0 1
0 8
0 9
0 55
0 60
0 63
0 65
0 81
0 91
0 94
0 95
0 100
0 108
0 111
0 112
0 113
0 114
0 117
0 120
0 128
0 183
0 196
0 198
0 203
0 340
0 353
0 358
0 413
0 416
0 456
0 514
0 541
0 576
0 597
0 599
0 895
0 971
0 1046
0 1384
0 1394
0 1395
0 1419
0 1450
0 1456
0 1536
0 1570
0 1602
0 1606
0 1624
0 1671
0 1696
0 1706
0 1751
0 1764
0 1770
0 1774
0 1867
0 1876
0 1877
0 1878
0 1879
0 1880
0 1882
0 1883
0 1884
0 1885
0 1886
0 1887
0 1888
0 1889
0 1890
0 1891
0 1892
0 1893
0 1894
0 1896
0 1897
0 1898
0 1899
0 1900
0 1901
0 1903
0 1904
0 1905
0 1906
0 1908
0 1910
0 1912
0 1913
0 1914
0 1916
0 1917
0 1918
0 1919
0 1920
0 1923
0 1926
0 1932
0 1944
0 2002
0 2006
0 2045
0 2116
0 2123
0 2126
0 2193
0 2204
0 2241
0 2246
0 2248
0 2272
0 2282
0 2284
0 2285
0 2286
0 2287
0 2288
0 2289
0 2291
0 2292
0 2294
0 2296
0 2305
0 2308
0 2315
0 2316
0 2325
0 2334
0 2345
0 2351
0 2359
0 2365
0 2367
0 2372
0 2373
0 2374
0 2377
0 2390
0 2392
0 2393
0 2396
0 2426
0 2429
0 2537
0 2543
0 2568
0 2579
0 2616
0 2707
0 2709
0 2808
0 2867
0 2951
0 2955
0 2991
0 3006
0 3007
0 3039
0 3052
0 3215
0 3229
0 4440
0 4517
0 4557
0 4669
0 4691
0 6048
0 7034
0 7050
0 7215
0 7265
0 7456
0 7509
0 7803
0 7856
2 3
2 12
2 32
2 53
2 66
2 73
2 74
2 79
2 106
2 373
2 374
2 375
2 376
2 377
2 379
2 380
2 383
2 386
2 392
2 394
2 398
2 399
2 402
2 403
2 404
2 407
2 414
2 415
2 417
2 420
2 421
2 424
2 425
2 426
2 427
2 430
2 431
2 433
2 434
2 436
2 437
2 444
2 489
2 494
2 515
2 517
2 518
2 519
2 524
2 533
2 535
2 540
2 542
2 548
2 560
2 944
2 957
2 959
2 961
2 1045
2 1051
2 1052
2 1206
2 1220
2 1223
2 1233
2 1365
2 1370
2 1377
2 1380
2 1393
2 1549
2 1558
2 1559
2 1560
2 1563
2 1565
2 1568
2 1571
2 1572
2 1580
2 1630
2 1635
2 1640
2 1643
2 1648
2 1656
2 1657
2 1731
2 1757
2 1873
2 1925
2 1950
2 2015
2 2017
2 2084
2 2085
2 2092
2 2270
2 2277
2 2298
2 2320
2 2326
2 2383
2 2425
2 2477
2 2491
2 2535
2 2571
2 2578
2 2875
2 2879
2 3034
2 3104
2 3115
2 3119
2 3125
2 3130
2 3159
2 3199
2 3235
2 3253
2 3254
2 3918
2 3926
2 3940
2 3970
2 3971
2 3972
2 3973
2 3974
2 3975
2 3977
2 3979
2 3980
2 3981
2 3982
2 3984
2 3985
2 3986
2 3987
2 3988
2 3989
2 3990
2 3991
2 3992
2 3993
2 3994
2 3995
2 3996
2 3998
2 3999
2 4000
2 4001
2 4003
2 4004
2 4005
2 4006
2 4007
2 4008
2 4010
2 4011
2 4012
2 4013
2 4014
2 4015
2 4018
2 4019
2 4021
2 4022
2 4023
2 4024
2 4025
2 4026
2 4027
2 4028
2 4029
2 4030
2 4033
2 4034
2 4035
2 4036
2 4038
2 4039
2 4041
2 4042
2 4044
2 4045
2 4046
2 4048
2 4050
2 4051
2 4052
2 4053
2 4054
2 4055
2 4057
2 4058
2 4059
2 4060
2 4061
2 4062
2 4065
2 4066
2 4068
2 4073
2 4075
2 4076
2 4077
2 4078
2 4079
2 4080
2 4081
2 4082
2 4084
2 4088
2 4090
2 4092
2 3328
2 4119
2 4132
2 4133
2 4134
2 4137
2 4138
2 4143
2 4145
2 4148
2 4149
2 4152
2 4162
2 4164
2 4167
2 4189
2 4200
2 4215
2 4227
2 4230
2 4250
2 4264
2 4280
2 4404
2 4689
2 4694
2 326
2 4720
2 6141
2 6347
2 6877
2 6973
2 1461
2 7253
2 7255
2 7256
2 7257
2 7258
2 7264
2 7266
2 7268
2 7270
2 7272
2 7275
2 7288
2 7290
2 7295
4 5
4 27
4 40
4 45
4 46
4 57
4 61
4 67
4 70
4 85
4 86
4 89
4 92
4 96
4 97
4 99
4 103
4 115
4 125
4 127
4 142
4 154
4 174
4 175
4 186
4 189
4 201
4 202
4 351
4 352
4 391
4 400
4 405
4 406
4 408
4 462
4 477
4 484
4 492
4 503
4 506
4 512
4 523
4 532
4 591
4 594
4 598
4 607
4 624
4 890
4 913
4 926
4 945
4 960
4 962
4 963
4 967
4 973
4 983
4 992
4 997
4 999
4 1010
4 1011
4 1016
4 1022
4 1023
4 1025
4 1033
4 1042
4 1056
4 1057
4 1079
4 1272
4 1354
4 1366
4 1372
4 1373
4 1374
4 1378
4 1379
4 1386
4 1390
4 1397
4 1399
4 1430
4 1442
4 1443
4 1446
4 1447
4 1449
4 1472
4 1473
4 1547
4 1584
4 1600
4 1614
4 1618
4 1637
4 1695
4 1698
4 1769
4 1773
4 1777
4 1780
4 1781
4 1875
4 1915
4 2221
4 2224
4 2227
4 2228
4 2232
4 2237
4 2258
4 2259
4 2263
4 2264
4 2265
4 2268
4 2278
4 2295
4 2297
4 2299
4 2300
4 2301
4 2302
4 2303
4 2304
4 2306
4 2309
4 2310
4 2311
4 2312
4 2313
4 2314
4 2317
4 2318
4 2319
4 2321
4 2322
4 2323
4 2324
4 2327
4 2328
4 2329
4 2331
4 2332
4 2333
4 2335
4 2336
4 2337
4 2338
4 2339
4 2340
4 2341
4 2342
4 2343
4 2344
4 2346
4 2347
4 2348
4 2349
4 2350
4 2352
4 2353
4 2354
4 2355
4 2356
4 2357
4 2358
4 2360
4 2361
4 2362
4 2363
4 2364
4 2366
4 2368
4 2369
4 2370
4 2371
4 2375
4 2376
4 2378
4 2379
4 2381
4 2382
4 2384
4 2385
4 2387
4 2389
4 2394
4 2395
4 2399
4 2400
4 2401
4 2402
4 2403
4 2404
4 2405
4 2406
4 2407
4 2408
4 2410
4 2421
4 2422
4 2430
4 2452
4 2457
4 2524
4 2559
4 2562
4 2589
4 2590
4 2591
4 2592
4 2593
4 2594
4 2595
4 2596
4 2597
4 2598
4 2599
4 2600
4 2601
4 2605
4 2607
4 2608
4 2609
4 2610
4 2611
4 2615
4 2619
4 2620
4 2621
4 2622
4 2623
4 2624
4 2627
4 2629
4 2630
4 2633
4 2634
4 2635
4 2660
4 2664
4 2671
4 2706
4 2789
4 2796
4 2806
4 2851
4 2852
4 2856
4 2863
4 2872
4 2876
4 2882
4 2885
4 2888
4 2889
4 2893
4 2894
4 2910
4 2947
4 2957
4 2959
4 2969
4 2977
4 2980
4 2984
4 2985
4 2987
4 2988
4 2989
4 2992
4 2994
4 2995
4 2997
4 2998
4 3000
4 3004
4 3008
4 3017
4 3018
4 3019
4 3024
4 3025
4 3028
4 3029
4 3030
4 3033
4 3038
4 3042
4 3045
4 3046
4 3182
4 3210
4 3230
4 3233
4 3234
4 3257
4 3284
4 3404
4 3548
4 4308
4 4309
4 4310
4 4311
4 4312
4 4313
4 4314
4 4317
4 4318
4 4319
4 4320
4 4321
4 4322
4 4324
4 4325
4 4326
4 4327
4 4328
4 4330
4 4331
4 4332
4 4333
4 4334
4 4335
4 4336
4 4337
4 4338
4 4339
4 4340
4 4342
4 4343
4 4344
4 4345
4 4346
4 4349
4 4350
4 4351
4 4353
4 4355
4 4356
4 4357
4 4358
4 4359
4 4360
4 4364
4 4365
4 4366
4 4368
4 4369
4 4372
4 4374
4 4376
4 4378
4 4379
4 4380
4 4381
4 4383
4 4385
4 4390
4 4392
4 4393
4 4400
4 4401
4 4402
4 4406
4 4408
4 4409
4 4410
4 4414
4 4415
4 4416
4 4417
4 4419
4 4420
4 4423
4 4427
4 4428
4 4457
4 4460
4 4465
4 4474
4 4486
4 4490
4 4507
4 4521
4 4522
4 4526
4 4529
4 4533
4 4538
4 4539
4 4546
4 4547
4 4598
4 4644
4 4651
4 4657
4 4659
4 4660
4 4661
4 4662
4 4665
4 4668
4 4670
4 4672
4 4674
4 4676
4 4677
4 4679
4 4683
4 4686
4 4693
4 4698
4 4699
4 4708
4 4721
4 4723
4 4725
4 4733
4 4734
4 5128
4 5256
4 5350
4 5460
4 5595
4 5774
4 6341
4 6342
4 6364
4 6445
4 6447
4 6448
4 6449
4 6450
4 6451
4 6452
4 6453
4 6455
4 6457
4 6459
4 6461
4 6462
4 6464
4 6465
4 6466
4 6467
4 6468
4 6469
4 6470
4 6476
4 6483
4 6486
4 6491
4 6494
4 6495
4 6498
4 6499
4 6503
4 6505
4 6513
4 6514
4 6517
4 6520
4 6525
4 6552
4 6559
4 6565
4 6570
4 6594
4 6595
4 6605
4 6619
4 6622
4 6625
4 6630
4 6635
4 6637
4 6657
4 6661
4 6664
4 6670
4 6678
4 6689
4 6702
4 6710
4 6719
4 6781
4 6782
4 6817
4 6818
4 6824
4 6825
4 6827
4 6829
4 6830
4 6835
4 6839
4 6842
4 6843
4 6845
4 6847
4 6850
4 6852
4 6854
4 6859
4 6863
4 6865
4 6871
4 6872
4 6879
4 6893
4 6904
4 6906
4 6908
4 6928
4 6930
4 6931
4 6933
4 6937
4 6939
4 6940
4 6943
4 6946
4 6950
4 6965
4 6972
4 6976
4 6979
4 6990
4 7012
4 7018
4 7036
4 7037
4 7067
4 7073
4 7075
4 7076
4 7077
4 7080
4 7085
4 7101
4 7105
4 7110
4 7112
4 7168
4 7182
4 7183
4 7190
4 7199
4 7211
4 7214
4 7262
4 7287
4 7292
4 7301
4 7308
4 7312
4 7424
4 7455
4 7458
4 7463
4 7464
4 7465
4 7481
4 7484
4 7487
4 7488
4 7499
4 7514
4 7515
4 7516
6 7
6 10
6 11
6 13
6 14
6 15
6 16
6 17
6 18
6 19
6 22
6 23
6 24
6 25
6 26
6 28
6 31
6 33
6 36
6 37
6 38
6 39
6 43
6 44
6 47
6 48
6 49
6 50
6 51
6 52
6 56
6 58
6 59
6 62
6 64
6 68
6 69
6 72
6 78
6 80
6 82
6 84
6 90
6 93
6 101
6 102
6 107
6 119
6 122
6 126
6 129
6 130
6 131
6 132
6 133
6 134
6 135
6 136
6 137
6 138
6 139
6 140
6 141
6 143
6 144
6 145
6 146
6 147
6 148
6 149
6 150
6 151
6 152
6 153
6 155
6 156
6 157
6 158
6 159
6 160
6 161
6 162
6 163
6 164
6 165
6 166
6 167
6 168
6 169
6 170
6 171
6 172
6 173
6 176
6 184
6 187
6 188
6 191
6 197
6 199
6 200
6 204
6 320
6 322
6 348
6 357
6 361
6 362
6 363
6 365
6 366
6 367
6 378
6 395
6 412
6 454
6 464
6 467
6 471
6 511
6 528
6 561
6 570
6 581
6 582
6 583
6 588
6 593
6 596
6 601
6 608
6 609
6 610
6 611
6 612
6 613
6 614
6 615
6 616
6 617
6 619
6 620
6 621
6 622
6 623
6 625
6 627
6 628
6 629
6 630
6 631
6 632
6 633
6 634
6 635
6 636
6 637
6 638
6 639
6 640
6 641
6 642
6 645
6 646
6 647
6 648
6 649
6 650
6 652
6 653
6 654
6 655
6 656
6 657
6 658
6 659
6 660
6 661
6 662
6 663
6 664
6 665
6 666
6 667
6 668
6 670
6 671
6 672
6 673
6 674
6 675
6 676
6 677
6 678
6 679
6 680
6 681
6 682
6 683
6 684
6 685
6 686
6 687
6 688
6 689
6 690
6 691
6 692
6 694
6 695
6 696
6 697
6 698
6 699
6 700
6 701
6 702
6 703
6 704
6 705
6 706
6 707
6 708
6 709
6 710
6 711
6 712
6 713
6 714
6 715
6 716
6 717
6 718
6 719
6 720
6 721
6 722
6 723
6 726
6 727
6 728
6 729
6 730
6 731
6 732
6 733
6 734
6 735
6 736
6 737
6 738
6 740
6 741
6 742
6 743
6 745
6 749
6 751
6 752
6 753
6 754
6 755
6 756
6 757
6 758
6 759
6 761
6 762
6 763
6 764
6 765
6 766
6 767
6 768
6 769
6 770
6 771
6 772
6 773
6 784
6 787
6 788
6 789
6 790
6 791
6 792
6 793
6 794
6 795
6 796
6 797
6 798
6 799
6 815
6 816
6 817
6 818
6 819
6 821
6 822
6 823
6 824
6 825
6 826
6 827
6 831
6 837
6 838
6 839
6 844
6 845
6 846
6 856
6 857
6 858
6 859
6 860
6 862
6 864
6 872
6 874
6 876
6 878
6 879
6 880
6 881
6 882
6 883
6 884
6 885
6 886
6 548
6 887
6 888
6 889
6 892
6 893
6 894
6 896
6 897
6 898
6 899
6 900
6 901
6 902
6 903
6 904
6 905
6 907
6 908
6 910
6 914
6 915
6 918
6 920
6 921
6 922
6 923
6 924
6 925
6 927
6 930
6 931
6 934
6 938
6 940
6 941
6 943
6 991
6 1019
6 1036
6 1038
6 1179
6 1199
6 1392
6 1428
6 1460
6 1461
6 1463
6 1588
6 1590
6 1605
6 1687
6 1746
6 1763
6 1776
6 1783
6 1784
6 1785
6 1786
6 1787
6 1788
6 1789
6 1790
6 1791
6 1792
6 1793
6 1794
6 1795
6 1796
6 1797
6 1798
6 1799
6 1800
6 1801
6 1802
6 1803
6 1804
6 1805
6 1806
6 1807
6 1808
6 1809
6 1810
6 1811
6 1812
6 1813
6 1814
6 1815
6 1816
6 1817
6 1818
6 1820
6 1821
6 1822
6 1823
6 1824
6 1825
6 1827
6 1828
6 1829
6 1830
6 1831
6 1832
6 1833
6 1834
6 1835
6 1836
6 1837
6 1838
6 1839
6 1840
6 1841
6 1842
6 1843
6 1844
6 1845
6 1846
6 1847
6 1848
6 1849
6 1851
6 1852
6 1853
6 1854
6 1855
6 1856
6 1857
6 1858
6 1859
6 1860
6 1861
6 1862
6 1863
6 1864
6 1865
6 1866
6 1868
6 1869
6 1870
6 1871
6 1874
6 1881
6 1895
6 1902
6 1907
6 1921
6 1922
6 2064
6 2070
6 2093
6 2094
6 2096
6 2099
6 2101
6 2105
6 2109
6 2110
6 2115
6 2117
6 2120
6 2125
6 2129
6 2130
6 2131
6 2132
6 2133
6 2134
6 2135
6 2137
6 2141
6 2143
6 2144
6 2145
6 2146
6 2149
6 2150
6 2153
6 2157
6 2159
6 2167
6 2168
6 2169
6 2173
6 2174
6 2176
6 2178
6 2182
6 2185
6 2187
6 2188
6 2195
6 2198
6 2202
6 2207
6 2209
6 2210
6 2215
6 2217
6 2220
6 2225
6 2226
6 2234
6 2242
6 2255
6 2260
6 2269
6 2274
6 2388
6 2409
6 2418
6 2473
6 2604
6 2775
6 2854
6 2887
6 2962
6 2986
6 3009
6 3031
6 3040
6 3110
6 3127
6 3131
6 3140
6 3144
6 3145
6 3147
6 3148
6 3150
6 3151
6 3152
6 3153
6 3154
6 3157
6 3160
6 3161
6 3162
6 3164
6 3165
6 3166
6 3167
6 3168
6 3169
6 3170
6 3171
6 3172
6 3173
6 3174
6 3175
6 3176
6 3177
6 3178
6 3179
6 3180
6 3181
6 3183
6 3184
6 3186
6 3189
6 3190
6 3191
6 3193
6 3194
6 3195
6 3196
6 3198
6 3200
6 3201
6 3202
6 3203
6 3205
6 12
6 3206
6 3207
6 3208
6 3209
6 3212
6 3213
6 3216
6 3218
6 3219
6 3222
6 3225
6 3228
6 3236
6 3239
6 3242
6 3243
6 3244
6 3245
6 3246
6 3247
6 3248
6 1477
6 3250
6 3258
6 3259
6 3260
6 3261
6 3262
6 3263
6 3264
6 3265
6 3266
6 3267
6 3268
6 3269
6 3270
6 3271
6 3272
6 3273
6 3274
6 3275
6 3276
6 3277
6 3278
6 3279
6 3280
6 3281
6 3282
6 3283
6 3285
6 3286
6 3287
6 3288
6 3289
6 3290
6 3291
6 3292
6 3293
6 3294
6 3295
6 3296
6 3297
6 3298
6 3299
6 3300
6 3301
6 3302
6 3303
6 3304
6 3305
6 3306
6 3307
6 3308
6 3309
6 3310
6 3311
6 3312
6 3313
6 3314
6 3315
6 3316
6 3317
6 3318
6 3319
6 3320
6 3321
6 3322
6 3323
6 3324
6 3325
6 3326
6 3327
6 3328
6 3329
6 3330
6 3331
6 3332
6 3333
6 3334
6 3335
6 3336
6 3337
6 3338
6 3339
6 3340
6 3341
6 3342
6 3343
6 3344
6 3345
6 3346
6 3347
6 3348
6 3349
6 3350
6 3351
6 3352
6 3353
6 3354
6 3355
6 3356
6 3357
6 3358
6 3359
6 3360
6 3361
6 3362
6 3363
6 3364
6 3365
6 3366
6 3367
6 3368
6 3369
6 3370
6 3371
6 3372
6 3373
6 3374
6 3375
6 3376
6 3377
6 3378
6 3379
6 3380
6 3381
6 3382
6 3383
6 3384
6 3385
6 3386
6 3387
6 3388
6 3389
6 3390
6 3391
6 3392
6 3393
6 3394
6 3395
6 3396
6 3397
6 3398
6 3399
6 3400
6 3401
6 3402
6 3403
6 3405
6 3406
6 3407
6 3408
6 3409
6 3410
6 3411
6 3412
6 3413
6 3414
6 3415
6 3416
6 3417
6 3418
6 3419
6 3420
6 3421
6 3422
6 3423
6 3424
6 3425
6 3426
6 3427
6 3428
6 3429
6 3430
6 3431
6 3432
6 3433
6 3434
6 3435
6 3436
6 3437
6 3438
6 3439
6 3440
6 3441
6 3442
6 3443
6 3444
6 3445
6 3446
6 3447
6 3448
6 3449
6 3450
6 3451
6 3452
6 3453
6 3454
6 3455
6 3456
6 3457
6 3458
6 3459
6 3460
6 3461
6 3462
6 3463
6 3464
6 3465
6 3466
6 3467
6 3468
6 3469
6 3470
6 3471
6 3472
6 3473
6 3474
6 3475
6 3476
6 3477
6 3478
6 3479
6 3480
6 3481
6 3482
6 3483
6 3484
6 3485
6 3486
6 3487
6 3488
6 3489
6 3490
6 3491
6 3492
6 3493
6 3494
6 3495
6 3496
6 3497
6 3498
6 3499
6 3500
6 3501
6 3502
6 3503
6 3504
6 3505
6 3506
6 3507
6 3508
6 3509
6 3510
6 3511
6 3512
6 3513
6 3514
6 3515
6 3517
6 3518
6 3519
6 3520
6 3521
6 3522
6 3523
6 3524
6 3525
6 3526
6 3527
6 3528
6 3529
6 3530
6 3531
6 3532
6 3533
6 3534
6 3535
6 3536
6 3537
6 3538
6 3539
6 3540
6 3541
6 3542
6 3543
6 3544
6 3545
6 3546
6 3547
6 3549
6 3550
6 3551
6 3552
6 3553
6 3554
6 3555
6 3556
6 3557
6 3558
6 3559
6 3560
6 3561
6 3562
6 3563
6 3564
6 3565
6 3566
6 3567
6 3568
6 3569
6 3570
6 3571
6 3572
6 3573
6 3574
6 3575
6 3576
6 3577
6 3578
6 3579
6 3580
6 3581
6 3582
6 3583
6 3584
6 3585
6 3586
6 3587
6 3588
6 3589
6 3590
6 3591
6 3592
6 3593
6 3594
6 3595
6 3596
6 3597
6 3598
6 3599
6 3600
6 3601
6 3602
6 3603
6 3604
6 3605
6 3606
6 3607
6 3608
6 3609
6 3610
6 3611
6 3612
6 3613
6 3614
6 3615
6 3616
6 3617
6 3618
6 3619
6 3620
6 3621
6 3622
6 3623
6 3624
6 3625
6 3626
6 3627
6 3628
6 3629
6 3630
6 3631
6 3632
6 3633
6 3634
6 3635
6 3636
6 3637
6 3638
6 3639
6 3640
6 3641
6 3642
6 3643
6 3644
6 3645
6 3646
6 3647
6 3648
6 3649
6 3650
6 3651
6 3652
6 3653
6 3654
6 3655
6 3656
6 3657
6 3658
6 3659
6 3660
6 3661
6 3662
6 3663
6 3664
6 3665
6 3666
6 3667
6 3668
6 3669
6 3670
6 3671
6 3672
6 3673
6 3674
6 3675
6 3676
6 3677
6 3678
6 3679
6 3680
6 3681
6 3682
6 3683
6 3684
6 3685
6 3686
6 3687
6 3688
6 3689
6 3690
6 3691
6 3692
6 3693
6 3694
6 3695
6 3696
6 3697
6 3698
6 3699
6 3700
6 3701
6 3702
6 3703
6 3704
6 3705
6 3706
6 3707
6 3708
6 3709
6 3710
6 3711
6 3712
6 3713
6 3714
6 3715
6 3716
6 3717
6 3718
6 3719
6 3720
6 3721
6 3722
6 3723
6 3724
6 3725
6 3726
6 3727
6 3728
6 3729
6 3730
6 3731
6 3732
6 3733
6 3734
6 3735
6 3736
6 3737
6 3738
6 3739
6 3740
6 3741
6 3742
6 3743
6 3744
6 3745
6 3746
6 3747
6 3748
6 3749
6 3750
6 3751
6 3752
6 3753
6 3754
6 3755
6 3756
6 3757
6 3758
6 3759
6 3760
6 3761
6 3762
6 3763
6 3764
6 3765
6 3766
6 3767
6 3768
6 3769
6 3770
6 3771
6 3772
6 3773
6 3774
6 3775
6 3776
6 3777
6 3778
6 3779
6 3780
6 2402
6 3781
6 3782
6 3783
6 3784
6 3785
6 3786
6 3787
6 3788
6 3789
6 3790
6 3791
6 3793
6 3794
6 3795
6 3796
6 3797
6 3798
6 3799
6 3800
6 3801
6 3802
6 3803
6 3804
6 3805
6 3806
6 3807
6 3809
6 3810
6 3811
6 3812
6 3813
6 3814
6 3815
6 3816
6 3817
6 3818
6 3819
6 3820
6 3821
6 3822
6 3823
6 3824
6 3825
6 3826
6 3827
6 3828
6 3829
6 3830
6 3831
6 3832
6 3833
6 3834
6 3835
6 3836
6 3837
6 3838
6 3839
6 3840
6 3841
6 3842
6 3843
6 3844
6 3845
6 3846
6 3847
6 3848
6 3849
6 3850
6 3851
6 3852
6 3853
6 3854
6 3855
6 3857
6 3858
6 3859
6 3860
6 3861
6 3862
6 3863
6 3864
6 3865
6 3866
6 3867
6 3868
6 3869
6 3870
6 3871
6 3872
6 3873
6 3874
6 3875
6 3876
6 3877
6 3878
6 3879
6 3880
6 3882
6 3883
6 3884
6 3885
6 3886
6 3887
6 3888
6 3889
6 3890
6 3891
6 3892
6 3893
6 3894
6 3895
6 3896
6 3897
6 3898
6 3899
6 3900
6 3901
6 3902
6 3903
6 3904
6 3905
6 3906
6 3907
6 3908
6 3909
6 3910
6 3911
6 3912
6 3913
6 3914
6 3915
6 3916
6 3917
6 3919
6 3920
6 3921
6 3923
6 3924
6 3925
6 3927
6 3928
6 3929
6 3930
6 3931
6 3932
6 3933
6 3934
6 3935
6 3936
6 3937
6 3938
6 3939
6 3941
6 3942
6 3943
6 3944
6 3945
6 3946
6 3947
6 3948
6 3949
6 3950
6 3951
6 3952
6 3953
6 3954
6 3955
6 3956
6 3957
6 3958
6 3959
6 3960
6 3961
6 3962
6 3963
6 3964
6 3965
6 3966
6 3967
6 3968
6 3969
6 3976
6 3978
6 3983
6 3997
6 4002
6 4009
6 4016
6 4017
6 4020
6 4031
6 4032
6 4037
6 4040
6 4043
6 4047
6 4049
6 4056
6 4063
6 4064
6 4067
6 4069
6 4070
6 4071
6 4074
6 4083
6 4085
6 4086
6 4087
6 4089
6 4091
6 4093
6 4094
6 4095
6 4096
6 4097
6 4098
6 4099
6 4101
6 4102
6 4103
6 4104
6 4106
6 4107
6 4108
6 4109
6 4110
6 4111
6 4112
6 4113
6 4114
6 4115
6 4116
6 4117
6 4118
6 4120
6 4121
6 4122
6 4123
6 4124
6 4125
6 4126
6 4127
6 4128
6 4129
6 4130
6 4131
6 4135
6 4136
6 4139
6 4140
6 4141
6 4142
6 4144
6 4146
6 4147
6 4150
6 4151
6 4153
6 4154
6 4155
6 4156
6 4157
6 4158
6 4159
6 4160
6 4161
6 4163
6 4165
6 4166
6 4170
6 4172
6 4173
6 4176
6 4181
6 4186
6 4194
6 4196
6 4197
6 4205
6 4209
6 4210
6 4211
6 4212
6 4214
6 4216
6 4217
6 4218
6 4220
6 4221
6 4222
6 4223
6 4224
6 4225
6 4226
6 4228
6 4229
6 4232
6 4233
6 4234
6 4235
6 4236
6 4237
6 4238
6 4239
6 4240
6 4241
6 4242
6 4243
6 4244
6 4247
6 4248
6 4251
6 4252
6 4253
6 4255
6 4257
6 4259
6 4260
6 4263
6 4266
6 4267
6 4269
6 4271
6 4272
6 4274
6 4275
6 4276
6 4278
6 4279
6 4281
6 4282
6 4286
6 4287
6 4288
6 4291
6 4294
6 4296
6 4299
6 4300
6 4301
6 4303
6 4304
6 4306
6 4316
6 4323
6 4329
6 4341
6 4347
6 4352
6 4362
6 4363
6 4370
6 4371
6 4373
6 4375
6 4382
6 4384
6 4386
6 4387
6 4389
6 4391
6 4394
6 4395
6 4398
6 4399
6 4407
6 4412
6 4418
6 4421
6 4422
6 4424
6 4425
6 4429
6 4430
6 4431
6 4432
6 4433
6 4435
6 4437
6 4439
6 4441
6 4443
6 4445
6 4446
6 4447
6 4448
6 4449
6 4450
6 4451
6 4453
6 4455
6 4456
6 4458
6 4459
6 4461
6 4462
6 4463
6 4464
6 4466
6 4467
6 4468
6 4469
6 4470
6 4471
6 4472
6 4473
6 4475
6 4476
6 4477
6 4478
6 4479
6 4481
6 4482
6 4483
6 4484
6 4485
6 4488
6 4489
6 4491
6 4492
6 4493
6 4494
6 4495
6 4496
6 4497
6 4498
6 4499
6 4500
6 4501
6 4502
6 4503
6 4504
6 4505
6 4506
6 4508
6 4509
6 4510
6 4511
6 4512
6 4513
6 4514
6 4515
6 4516
6 4518
6 4519
6 4520
6 4523
6 4524
6 4525
6 4527
6 4528
6 4530
6 4531
6 4534
6 4535
6 4536
6 4537
6 4540
6 4541
6 4542
6 4543
6 4544
6 4545
6 4548
6 4551
6 4552
6 4554
6 4556
6 4558
6 4559
6 4560
6 4561
6 4562
6 4563
6 4564
6 4565
6 4566
6 4567
6 4568
6 4569
6 4570
6 4571
6 4572
6 4573
6 4574
6 4575
6 4576
6 4577
6 4578
6 4579
6 4580
6 4581
6 4582
6 4584
6 4585
6 4586
6 4587
6 4588
6 4589
6 4590
6 4591
6 4592
6 4593
6 4594
6 4595
6 4596
6 4597
6 4599
6 4600
6 4601
6 4602
6 4603
6 4604
6 4605
6 4606
6 4607
6 4608
6 4609
6 4610
6 4611
6 4614
6 4616
6 4617
6 4618
6 4619
6 4620
6 4621
6 4622
6 4623
6 4624
6 4625
6 4627
6 4628
6 4629
6 4631
6 4632
6 4634
6 4635
6 4636
6 4637
6 4638
6 4640
6 4641
6 4646
6 4648
6 4649
6 4652
6 4653
6 4654
6 4655
6 4658
6 4663
6 4664
6 4666
6 4667
6 4673
6 4675
6 4678
6 4680
6 4682
6 4684
6 4685
6 4687
6 4688
6 4692
6 4696
6 4697
6 4700
6 4701
6 4702
6 4703
6 4704
6 4705
6 4706
6 4707
6 4710
6 4713
6 4714
6 4715
6 4716
6 4717
6 4718
6 4719
6 4722
6 4724
6 4727
6 4728
6 4729
6 4735
6 4871
6 5117
6 5129
6 5138
6 5166
6 5264
6 5316
6 5331
6 5340
6 5345
6 5412
6 5413
6 5439
6 5457
6 5470
6 5534
6 5556
6 5577
6 5586
6 5593
6 5596
6 5597
6 5614
6 5616
6 5620
6 5637
6 5719
6 5722
6 5727
6 5734
6 5752
6 5778
6 5791
6 5804
6 5809
6 5854
6 5856
6 5904
6 5909
6 5935
6 5940
6 5942
6 5951
6 5954
6 5961
6 5975
6 5976
6 5995
6 6000
6 6001
6 6004
6 6019
6 6027
6 6039
6 6045
6 6060
6 6061
6 6065
6 6067
6 6068
6 6071
6 6112
6 6216
6 6282
6 6294
6 6310
6 6324
6 6353
6 6361
6 6370
6 6378
6 6381
6 6412
6 6418
6 6420
6 6428
6 6430
6 6434
6 6436
6 6443
6 6444
6 6460
6 6463
6 6492
6 6504
6 6509
6 6515
6 6693
6 6707
6 6789
6 6801
6 6822
6 6867
6 6878
6 6895
6 6897
6 6913
6 6923
6 6941
6 6947
6 6953
6 6956
6 6959
6 6967
6 6969
6 6982
6 6985
6 7001
6 7009
6 7013
6 7019
6 7022
6 7024
6 7028
6 7029
6 7030
6 7032
6 7035
6 7041
6 7054
6 7056
6 7060
6 7062
6 7069
6 7074
6 7081
6 7082
6 7087
6 7094
6 7099
6 7100
6 7103
6 7109
6 7111
6 7117
6 7145
6 7160
6 7167
6 7170
6 7178
6 7186
6 7192
6 7193
6 7195
6 7203
6 7208
6 7222
6 7223
6 7225
6 7228
6 7229
6 7230
6 7231
6 7233
6 7235
6 7242
6 7245
6 7251
6 7252
6 7261
6 7263
6 7285
6 7300
6 7304
6 7309
6 7310
6 7311
6 7315
6 7316
6 7318
6 7319
6 7321
6 7322
6 7329
6 7332
6 7334
6 7369
6 7390
6 7392
6 7417
6 7422
6 7431
6 7435
6 7436
6 7441
6 7448
6 7452
6 7454
6 7457
6 7460
6 7466
6 7467
6 7471
6 7475
6 7476
6 7486
6 7493
6 7494
6 7496
6 7497
6 7498
6 7500
6 7504
6 7505
6 7508
6 7513
6 7517
6 7586
6 7722
6 7801
6 7811
6 7816
6 7817
6 7829
6 7845
6 7852
6 7855
6 7867
20 21
20 98
20 669
20 725
20 1015
20 1031
20 1455
20 1457
20 2307
20 2330
20 2391
20 2397
20 2798
20 2881
20 2926
20 2930
20 2931
20 7246
20 7247
20 1603
20 7260
20 7267
29 30
29 83
29 116
29 987
29 29
29 1703
29 1719
29 1740
29 1760
29 1762
34 35
41 42
41 54
41 71
41 75
41 104
41 105
41 118
41 281
41 291
41 293
41 305
41 371
41 389
41 390
41 418
41 481
41 488
41 522
41 525
41 527
41 529
41 536
41 538
41 574
41 575
41 592
41 744
41 746
41 748
41 750
41 779
41 820
41 828
41 906
41 911
41 912
41 919
41 933
41 939
41 946
41 972
41 1004
41 1028
41 1053
41 1054
41 1055
41 1219
41 1232
41 1246
41 1401
41 1402
41 1403
41 1404
41 1405
41 1407
41 1408
41 1410
41 1414
41 1417
41 1420
41 1426
41 1427
41 1429
41 1431
41 1433
41 1435
41 1436
41 1437
41 1440
41 1445
41 1566
41 1569
41 1573
41 1574
41 1576
41 1578
41 1581
41 1586
41 1587
41 1589
41 1651
41 1660
41 1661
41 1662
41 1664
41 1672
41 1673
41 1674
41 1675
41 1677
41 1679
41 1681
41 1682
41 1683
41 1684
41 1688
41 1693
41 1748
41 1753
41 1758
41 1779
41 1850
41 1911
41 1924
41 1928
41 2247
41 2257
41 2271
41 2380
41 2411
41 2412
41 2413
41 2414
41 2415
41 2416
41 2417
41 2419
41 2420
41 2423
41 2424
41 2427
41 2428
41 2431
41 2432
41 2433
41 2434
41 2435
41 2436
41 2437
41 2438
41 2439
41 2440
41 2441
41 2442
41 2443
41 2444
41 2445
41 2446
41 2447
41 2448
41 2449
41 2450
41 2453
41 2454
41 2455
41 2456
41 2458
41 2459
41 2460
41 2461
41 2462
41 2463
41 2464
41 2465
41 2466
41 2467
41 2468
41 2469
41 2470
41 2471
41 2472
41 2474
41 2475
41 2481
41 2484
41 2487
41 2488
41 2495
41 2498
41 2499
41 2502
41 2504
41 2512
41 2515
41 2516
41 2518
41 2522
41 2525
41 2526
41 2527
41 2529
41 2530
41 2531
41 2532
41 2533
41 2538
41 2541
41 2542
41 2545
41 2548
41 2549
41 2552
41 2553
41 2555
41 2557
41 2560
41 2561
41 2563
41 2566
41 2567
41 2570
41 2573
41 2575
41 2576
41 2577
41 2580
41 2587
41 2606
41 2618
41 2626
41 2631
41 2632
41 2636
41 2637
41 2638
41 2639
41 2640
41 2641
41 2642
41 2643
41 2644
41 2645
41 2646
41 2647
41 2648
41 2649
41 2650
41 2651
41 2652
41 2653
41 2654
41 2655
41 2657
41 2658
41 2327
41 2661
41 2662
41 2663
41 2665
41 2666
41 2667
41 2668
41 2669
41 2672
41 2673
41 2676
41 2678
41 2679
41 2680
41 2681
41 2683
41 2684
41 2685
41 2687
41 2688
41 2690
41 2691
41 2692
41 2693
41 2694
41 2695
41 2696
41 2697
41 2698
41 1202
41 2699
41 2700
41 2701
41 2702
41 2703
41 2704
41 2705
41 2708
41 2710
41 2711
41 2712
41 2713
41 2714
41 2745
41 2747
41 2748
41 2749
41 2751
41 2753
41 2772
41 2781
41 2785
41 2801
41 2807
41 2814
41 2826
41 2834
41 2837
41 2838
41 2839
41 2843
41 2847
41 2848
41 2849
41 2853
41 2855
41 2865
41 2898
41 2899
41 2900
41 2902
41 2903
41 2904
41 2905
41 2906
41 2907
41 2908
41 2909
41 2924
41 2929
41 2940
41 2942
41 2944
41 2948
41 2949
41 2950
41 2953
41 2958
41 2975
41 3002
41 3020
41 3022
41 3037
41 3044
41 3049
41 3214
41 3256
41 3516
41 4168
41 4169
41 4171
41 4174
41 4175
41 4177
41 4178
41 4179
41 3648
41 4180
41 4182
41 4183
41 4184
41 4185
41 4187
41 4188
41 4190
41 4191
41 4192
41 4193
41 4195
41 4198
41 4199
41 4201
41 4202
41 4203
41 4204
41 4206
41 4207
41 4208
41 4219
41 4245
41 4246
41 4249
41 4256
41 4258
41 4261
41 4262
41 4265
41 4268
41 4270
41 4273
41 4277
41 4283
41 4284
41 4285
41 4289
41 4290
41 4293
41 4295
41 4297
41 4302
41 4305
41 4307
41 4348
41 4361
41 4367
41 4377
41 4388
41 4396
41 4397
41 4411
41 4413
41 4426
41 4434
41 4436
41 4487
41 4532
41 4630
41 5525
41 5535
41 5536
41 5626
41 5645
41 5654
41 5655
41 5657
41 5658
41 5659
41 5660
41 5661
41 5662
41 5663
41 5664
41 5665
41 5666
41 5667
41 5668
41 5669
41 5670
41 5671
41 5672
41 5673
41 5674
41 5675
41 5676
41 5677
41 5678
41 5680
41 5681
41 5682
41 5683
41 5684
41 5685
41 5686
41 5687
41 5688
41 5689
41 5690
41 5691
41 5692
41 5693
41 5694
41 5695
41 5697
41 5698
41 5699
41 5700
41 5703
41 5705
41 5706
41 5708
41 5710
41 5712
41 5714
41 5715
41 5716
41 5723
41 5724
41 5726
41 5728
41 5736
41 5737
41 5740
41 5741
41 5745
41 5748
41 5749
41 5753
41 5756
41 5760
41 5763
41 5764
41 5776
41 5787
41 5792
41 5795
41 5800
41 5801
41 5872
41 5879
41 5884
41 5892
41 5898
41 5914
41 5924
41 5936
41 5943
41 5985
41 6018
41 6033
41 6040
41 6052
41 6055
41 6133
41 6307
41 6371
41 6388
41 6419
41 6440
41 6713
41 6861
41 6962
41 7042
41 7096
41 7098
41 7165
41 7213
41 7217
41 7224
41 7237
41 7259
41 7302
41 7376
41 7442
76 77
76 350
76 445
76 446
76 448
76 449
76 450
76 451
76 452
76 455
76 457
76 459
76 468
76 470
76 473
76 475
76 534
76 543
76 964
76 1040
76 1048
76 1264
76 1577
76 1608
76 1609
76 2536
76 2583
76 2602
76 3808
76 3856
76 4231
76 4292
76 4298
76 4315
76 4354
76 4403
76 4405
76 7507
87 88
87 121
87 439
87 442
87 493
87 495
87 496
87 497
87 498
87 499
87 500
87 501
87 502
87 504
87 505
87 507
87 508
87 510
87 520
87 521
87 530
87 531
87 537
87 539
87 546
87 556
87 693
87 724
87 935
87 1012
87 1030
87 1034
87 1035
87 1044
87 1267
87 1268
87 1271
87 1277
87 1351
87 1355
87 1356
87 1362
87 1367
87 1369
87 1391
87 1451
87 1556
87 1772
87 2858
87 2866
87 3021
87 3043
87 3120
87 3156
87 3187
87 3251
87 3922
87 4438
87 4442
87 4452
87 4480
87 4639
87 5746
87 5750
87 5767
87 5769
87 5777
87 5779
87 5780
87 5784
87 5796
87 5806
87 5807
87 5808
87 5810
87 5811
87 5812
87 5813
87 5840
87 5842
87 5846
87 5849
87 5851
87 5868
87 5873
87 5875
87 5878
87 5880
87 5882
87 5886
87 5888
87 5889
87 5890
87 5893
87 5932
87 5938
87 5950
87 5964
87 5984
87 6010
87 6161
87 6346
87 6442
87 6866
87 7239
87 7413
87 7472
109 110
109 192
109 195
109 205
109 382
109 458
109 460
109 461
109 463
109 509
109 513
109 544
109 545
109 547
109 549
109 550
109 552
109 553
109 557
109 558
109 559
109 562
109 563
109 564
109 565
109 566
109 567
109 568
109 569
109 571
109 572
109 573
109 579
109 580
109 584
109 585
109 587
109 589
109 590
109 595
109 600
109 604
109 747
109 849
109 968
109 969
109 970
109 1002
109 1005
109 1006
109 1027
109 1465
109 1476
109 1593
109 1595
109 1596
109 1665
109 1667
109 1678
109 1745
109 1778
109 1909
109 2539
109 2603
109 3035
109 7269
109 7271
109 7273
109 7274
109 7277
109 7278
109 7279
109 7280
109 7281
109 7282
109 7283
123 124
123 1611
123 1819
123 4709
123 7011
123 7033
123 7064
145 4736
177 178
177 185
177 190
177 397
177 428
177 429
177 432
177 438
177 440
177 441
177 443
177 447
177 465
177 466
177 469
177 472
177 476
177 478
177 485
177 516
177 471
177 551
177 760
177 783
177 873
177 877
177 891
177 909
177 916
177 917
177 928
177 929
177 932
177 942
177 965
177 1014
177 1039
177 1387
177 1406
177 1409
177 1416
177 1418
177 1421
177 1424
177 1439
177 1448
177 1452
177 1458
177 1553
177 1582
177 1583
177 1599
177 1607
177 1615
177 1617
177 1619
177 1670
177 1749
177 1754
177 1775
177 1826
177 1872
177 2034
177 2038
177 2058
177 2250
177 2281
177 2565
177 2586
177 2588
177 2625
177 2628
177 2675
177 2939
177 2960
177 2963
177 2965
177 2686
177 2974
177 2976
177 2978
177 2979
177 2983
177 3036
177 3217
177 3226
177 4444
177 4553
177 4555
177 4612
177 4613
177 4615
177 4626
177 4633
177 4642
177 4645
177 4647
177 4650
177 4656
177 4690
177 4730
177 5220
177 5303
177 5495
177 5510
177 5871
177 5891
177 7119
177 7289
177 7294
177 7495
177 7501
177 7503
177 7732
177 7797
177 7838
177 7864
179 180
179 875
181 182
181 338
181 381
181 586
181 936
181 937
181 949
181 950
181 951
181 952
181 953
181 954
181 955
181 956
181 958
181 966
181 974
181 975
181 976
181 582
181 977
181 978
181 979
181 980
181 981
181 982
181 984
181 985
181 986
181 988
181 989
181 990
181 993
181 994
181 995
181 996
181 1000
181 1003
181 1007
181 1013
181 1029
181 1041
181 1235
181 1283
181 1284
181 1285
181 1286
181 1287
181 1288
181 1289
181 1290
181 1291
181 1293
181 1294
181 1295
181 1296
181 1297
181 1298
181 1299
181 1300
181 1301
181 1302
181 1303
181 1304
181 1306
181 1307
181 1308
181 1309
181 1310
181 1312
181 1314
181 1315
181 1316
181 1317
181 1318
181 1319
181 1320
181 1322
181 1323
181 1324
181 1325
181 1327
181 1329
181 1330
181 1331
181 1332
181 1333
181 1336
181 1337
181 1339
181 1341
181 1344
181 1345
181 1346
181 1347
181 1348
181 1349
181 1350
181 1353
181 1358
181 1361
181 1364
181 1382
181 1383
181 1385
181 1388
181 1396
181 1398
181 1400
181 1411
181 1459
181 1462
181 1467
181 1468
181 1469
181 1470
181 1471
181 1474
181 1477
181 1478
181 1479
181 1480
181 1481
181 1482
181 1483
181 1484
181 1485
181 1486
181 1487
181 1488
181 1489
181 1490
181 1491
181 1492
181 1493
181 1494
181 1495
181 1496
181 1497
181 1498
181 1499
181 1500
181 1501
181 1502
181 1503
181 1504
181 1505
181 1506
181 1507
181 1508
181 1509
181 1510
181 1511
181 1512
181 1513
181 1514
181 1515
181 1516
181 1517
181 1518
181 1519
181 1520
181 1521
181 1522
181 1523
181 1524
181 1525
181 1526
181 1527
181 1528
181 1529
181 1530
181 1531
181 1532
181 1533
181 1534
181 1535
181 1537
181 1538
181 1539
181 1540
181 1542
181 1543
181 1544
181 1545
181 1546
181 1548
181 1550
181 1551
181 1552
181 1554
181 1555
181 1557
181 1561
181 1562
181 1564
181 1567
181 1575
181 1579
181 1585
181 1591
181 1592
181 1597
181 1598
181 1601
181 1603
181 1610
181 1620
181 1639
181 1658
181 1708
181 1709
181 1710
181 1711
181 1712
181 1714
181 1716
181 1717
181 1718
181 1720
181 1724
181 1725
181 1726
181 1727
181 1728
181 1729
181 1730
181 1732
181 1734
181 1735
181 1737
181 1738
181 1739
181 1741
181 1742
181 1743
181 1744
181 1747
181 1750
181 1755
181 1765
181 1766
181 1767
181 1768
181 1771
181 1782
181 2082
181 2239
181 2249
181 2251
181 2253
181 2254
181 2261
181 2262
181 2478
181 2479
181 2480
181 2482
181 2483
181 2485
181 2486
181 2489
181 2490
181 2492
181 2493
181 2494
181 2497
181 2500
181 2501
181 2503
181 2505
181 2506
181 2507
181 2508
181 2509
181 2510
181 2511
181 2513
181 2514
181 2517
181 2519
181 2520
181 2521
181 2523
181 2528
181 2534
181 2540
181 2544
181 2546
181 2547
181 2550
181 2551
181 2554
181 2556
181 2558
181 2569
181 2572
181 2574
181 2581
181 2582
181 2584
181 2617
181 2656
181 2659
181 2674
181 2677
181 2861
181 2868
181 2869
181 2870
181 662
181 2871
181 2873
181 2874
181 2877
181 2878
181 2880
181 2883
181 2890
181 2911
181 2912
181 2913
181 2914
181 2915
181 2916
181 2917
181 2918
181 2919
181 2920
181 2921
181 2922
181 2923
181 2925
181 2927
181 2928
181 2932
181 2933
181 2934
181 2935
181 2936
181 2938
181 2943
181 2945
181 2946
181 2952
181 2954
181 2956
181 2961
181 2964
181 2967
181 2968
181 2970
181 2971
181 2972
181 2973
181 2996
181 3072
181 1856
181 5963
181 5965
181 5967
181 5968
181 5969
181 5970
181 5971
181 5972
181 5973
181 5974
181 5977
181 5981
181 5982
181 5983
181 5986
181 5987
181 5989
181 5990
181 5991
181 5992
181 5993
181 5997
181 5998
181 5999
181 6003
181 6005
181 6006
181 6009
181 6011
181 6012
181 6013
181 6015
181 6016
181 6017
181 6022
181 6024
181 6026
181 6028
181 6034
181 6037
181 6041
181 6042
181 6043
181 6046
181 6047
181 6057
181 6059
181 6166
181 6240
181 6251
181 6302
181 6311
181 6385
181 6401
181 6415
181 6472
181 6474
181 6475
181 6477
181 6478
181 6480
181 6481
181 6482
181 6484
181 6487
181 6488
181 6489
181 6490
181 6493
181 6496
181 6497
181 3475
181 6500
181 6501
181 6506
181 6507
181 6508
181 6511
181 6516
181 6518
181 6519
181 6521
181 6522
181 6526
181 6527
181 6528
181 6529
181 6545
181 6571
181 6578
181 6587
181 6590
181 6609
181 6620
181 6623
181 6624
181 6632
181 6636
181 6640
181 6641
181 6642
181 6656
181 6679
181 6698
181 6700
181 6701
181 6708
181 6718
181 6720
181 6727
181 6793
181 6831
181 6844
181 6846
181 6887
181 6966
181 6997
181 7000
181 7023
181 7025
181 7040
181 7045
181 7079
181 7088
181 7291
181 7462
181 7469
181 7519
193 194
193 453
193 1237
193 1475
193 2386
193 2451
193 2496
193 2564
193 2585
193 2614
193 2686
193 2779
193 2941
193 2966
193 4711
193 5945
193 7021
193 7198
193 7227
193 7317
193 7511
206 207
206 208
206 209
206 210
206 211
206 212
206 213
206 214
206 215
206 216
206 217
206 218
206 219
206 220
206 221
206 222
206 223
206 224
206 225
206 226
206 227
206 228
206 229
206 230
206 231
206 232
206 233
206 234
206 235
206 236
206 237
206 238
206 239
206 240
206 241
206 242
206 243
206 244
206 245
206 246
206 247
206 248
206 249
206 250
206 251
206 252
206 253
206 254
206 255
206 256
206 257
206 258
206 259
206 260
206 261
206 262
206 263
206 264
206 265
206 266
206 267
206 268
206 269
206 270
206 271
206 272
206 273
206 274
206 275
206 276
206 277
206 278
206 279
206 280
206 282
206 283
206 284
206 285
206 286
206 287
206 288
206 289
206 290
206 292
206 294
206 295
206 296
206 297
206 298
206 299
206 300
206 301
206 302
206 303
206 304
206 306
206 307
206 308
206 309
206 310
206 311
206 312
206 313
206 314
206 315
206 316
206 317
206 318
206 319
206 321
206 323
206 324
206 325
206 326
206 327
206 328
206 329
206 330
206 331
206 332
206 333
206 337
206 339
206 341
206 342
206 343
206 344
206 345
206 346
206 347
206 349
206 354
206 355
206 356
206 359
206 360
206 364
206 370
206 372
206 387
206 388
206 393
206 396
206 409
206 411
206 419
206 422
206 423
206 435
206 474
206 526
206 947
206 948
206 1060
206 1061
206 1062
206 1063
206 1064
206 1065
206 1066
206 1067
206 1068
206 1069
206 1070
206 1071
206 1072
206 1073
206 1074
206 1075
206 1076
206 1077
206 1078
206 1080
206 1081
206 1082
206 1083
206 1084
206 1085
206 1086
206 1087
206 1088
206 1089
206 1090
206 1091
206 1092
206 1093
206 1094
206 1095
206 1096
206 1097
206 1098
206 1099
206 1100
206 1101
206 1102
206 1103
206 1104
206 1105
206 1106
206 1107
206 1108
206 1109
206 1110
206 1111
206 1112
206 1113
206 1114
206 1115
206 1116
206 1117
206 1118
206 1119
206 1120
206 1121
206 1122
206 1123
206 1124
206 1125
206 1126
206 1127
206 1128
206 1129
206 1130
206 1131
206 1132
206 1133
206 1134
206 1135
206 1136
206 1137
206 1138
206 1139
206 1140
206 1141
206 1142
206 1143
206 1144
206 1145
206 1146
206 1147
206 1148
206 1149
206 1150
206 1151
206 1152
206 1153
206 1154
206 1155
206 1156
206 1157
206 1158
206 1159
206 1160
206 1161
206 1162
206 1163
206 1164
206 1165
206 1166
206 1167
206 1168
206 1169
206 1170
206 1171
206 1172
206 1173
206 1174
206 1175
206 1176
206 1177
206 1178
206 1180
206 1181
206 1182
206 1183
206 1184
206 1185
206 1186
206 1187
206 1188
206 1189
206 1190
206 1191
206 1192
206 1193
206 1194
206 1195
206 1196
206 1197
206 1198
206 1200
206 1201
206 1202
206 1203
206 1204
206 1205
206 1207
206 1208
206 1209
206 1210
206 1211
206 1212
206 1213
206 1214
206 1215
206 1216
206 1217
206 1218
206 1221
206 1222
206 1224
206 1225
206 1226
206 1227
206 1228
206 1229
206 1230
206 1231
206 1234
206 1236
206 1238
206 1239
206 1240
206 1241
206 1242
206 1243
206 1244
206 1245
206 1247
206 1248
206 1249
206 1250
206 1251
206 1252
206 1253
206 1254
206 1255
206 1256
206 1257
206 1258
206 1259
206 1260
206 1261
206 1262
206 1263
206 1265
206 1266
206 1269
206 1270
206 1273
206 1275
206 1276
206 1278
206 1279
206 1280
206 1281
206 1282
206 1292
206 1311
206 1313
206 1321
206 1326
206 1328
206 1334
206 1335
206 1338
206 1340
206 1342
206 1343
206 1352
206 1357
206 1359
206 1360
206 1363
206 1371
206 1381
206 1389
206 1541
206 1668
206 1721
206 3026
334 335
334 336
334 483
334 486
334 603
334 605
334 606
334 618
334 651
334 1368
334 1613
334 1616
334 1621
334 1625
334 1626
334 1627
334 1629
334 1631
334 1632
334 1633
334 1634
334 1636
334 1638
334 1641
334 1642
334 1644
334 1645
334 1646
334 1647
334 1649
334 1652
334 1653
334 1654
334 1655
334 1659
334 1663
334 1666
334 1669
334 1676
334 1680
334 1685
334 1686
334 1689
334 1690
334 1691
334 1692
334 1694
334 1697
334 1699
334 1700
334 1701
334 1702
334 1704
334 1705
334 1707
334 1713
334 1722
334 1733
334 1736
334 1752
334 1756
334 1759
334 568
334 1927
334 2233
334 2235
334 2240
334 2243
349 4736
368 369
384 385
384 401
384 410
384 1375
384 1594
384 1650
384 1715
384 2065
384 2830
384 2897
384 2993
479 480
479 482
479 487
479 602
479 739
479 2901
490 491
490 626
490 1017
490 1018
490 1024
490 1026
490 1444
490 1761
490 2273
490 2275
490 2276
490 2290
490 2293
490 2398
490 2670
490 2891
490 4454
490 7051
490 7859
554 555
554 1047
554 1049
554 1050
554 1412
554 1413
554 1415
554 1422
554 1423
554 1432
554 1434
554 1438
554 1441
554 1453
554 1454
554 1628
554 1723
554 3023
554 7382
577 578
577 1274
643 644
643 1043
643 7303
774 775
774 776
774 777
774 778
774 780
774 781
774 782
774 785
774 786
774 800
774 801
774 802
774 803
774 804
774 805
774 806
774 807
774 808
774 809
774 810
774 811
774 812
774 813
774 814
774 829
774 830
774 832
774 833
774 834
774 835
774 836
774 840
774 841
774 842
774 843
774 847
774 848
774 850
774 851
774 852
774 853
774 854
774 855
774 861
774 863
774 865
774 866
774 867
774 868
774 869
774 870
774 871
774 998
774 1001
774 1008
774 1009
774 1305
774 1376
774 1464
774 1466
774 1612
774 3010
774 3011
774 3012
774 3014
774 3015
774 3016
1014 2715
1020 1021
1020 1032
1020 1037
1058 1059
1058 1425
1058 1604
1062 4736
1092 4736
1132 4736
1229 4736
1579 4736
1592 4736
1609 4736
1622 1623
1832 1929
1929 1930
1929 1931
1929 1933
1929 1934
1929 1935
1929 1936
1929 1937
1929 1938
1929 1939
1929 1940
1929 1941
1929 1942
1929 1943
1929 1945
1929 1946
1929 1947
1929 1948
1929 1949
1929 1951
1929 1952
1929 1953
1929 1954
1929 1955
1929 1956
1929 1957
1929 1958
1929 1959
1929 1960
1929 1961
1929 1962
1929 1963
1929 1964
1929 1965
1929 1966
1929 1967
1929 1968
1929 1969
1929 1970
1929 1971
1929 1972
1929 1973
1929 1974
1929 1975
1929 1976
1929 1977
1929 1978
1929 1979
1929 1980
1929 1981
1929 1982
1929 1983
1929 1984
1929 1985
1929 1986
1929 1987
1929 1988
1929 1989
1929 1990
1929 1991
1929 1992
1929 1993
1929 1994
1929 1995
1929 1996
1929 1997
1929 1998
1929 1999
1929 2000
1929 2001
1929 2003
1929 2004
1929 2005
1929 2007
1929 2008
1929 2009
1929 2010
1929 2011
1929 2012
1929 2013
1929 2014
1929 2016
1929 2018
1929 2019
1929 2020
1929 2021
1929 2022
1929 2023
1929 2024
1929 2025
1929 2026
1929 2027
1929 2028
1929 2029
1929 2030
1929 2031
1929 2032
1929 2033
1929 2035
1929 2036
1929 2037
1929 2039
1929 2040
1929 2041
1929 2042
1929 2043
1929 2044
1929 2046
1929 2047
1929 2048
1929 2049
1929 2050
1929 2051
1929 2052
1929 2053
1929 2054
1929 2055
1929 2056
1929 2057
1929 2059
1929 2060
1929 2061
1929 2062
1929 2063
1929 2066
1929 2067
1929 2068
1929 2069
1929 2071
1929 2072
1929 2073
1929 2074
1929 2075
1929 2076
1929 2077
1929 2078
1929 2079
1929 2080
1929 2081
1929 2083
1929 2086
1929 2087
1929 2088
1929 2089
1929 2090
1929 2091
1929 2095
1929 2097
1929 2098
1929 2100
1929 2102
1929 2103
1929 2104
1929 2106
1929 2107
1929 2108
1929 2111
1929 2112
1929 2113
1929 2114
1929 2118
1929 2119
1929 2121
1929 2122
1929 2124
1929 2127
1929 2128
1929 2136
1929 2138
1929 2139
1929 2140
1929 2142
1929 2147
1929 2148
1929 2151
1929 2152
1929 2154
1929 2155
1929 2156
1929 2158
1929 2160
1929 2161
1929 2162
1929 2163
1929 2164
1929 2165
1929 2166
1929 2170
1929 2171
1929 2172
1929 2175
1929 2177
1929 2179
1929 2180
1929 2181
1929 2183
1929 2184
1929 2186
1929 2189
1929 2190
1929 2191
1929 2192
1929 2194
1929 2196
1929 2197
1929 2199
1929 2200
1929 2201
1929 2203
1929 2205
1929 2206
1929 2208
1929 2211
1929 2212
1929 2213
1929 2214
1929 2216
1929 2218
1929 2219
1929 2222
1929 2223
1929 2229
1929 2230
1929 2231
1929 2236
1929 2238
1929 2244
1929 2245
1929 2252
1929 2256
1929 2266
1929 2267
1929 2283
1929 2476
1929 2682
1929 2689
1929 2815
1929 2862
1929 5729
1929 6351
2076 4736
2279 2280
2279 3041
2279 2279
2486 2715
2539 4736
2612 2613
2680 6725
2715 2716
2715 2717
2715 2718
2715 2719
2715 2720
2715 2721
2715 2722
2715 2723
2715 2724
2715 2725
2715 2726
2715 2727
2715 2728
2715 2729
2715 2730
2715 2731
2715 2732
2715 2733
2715 2734
2715 2735
2715 2736
2715 2737
2715 2738
2715 2739
2715 2740
2715 2741
2715 2742
2715 2743
2715 2744
2715 2746
2715 2750
2715 2752
2715 2754
2715 2755
2715 2756
2715 2757
2715 2758
2715 2759
2715 2760
2715 2761
2715 2762
2715 2763
2715 2764
2715 2765
2715 2766
2715 2767
2715 2768
2715 2769
2715 2770
2715 2771
2715 2773
2715 2774
2715 2776
2715 2777
2715 2778
2715 2780
2715 2782
2715 2783
2715 2784
2715 2786
2715 2787
2715 2788
2715 2790
2715 2791
2715 2792
2715 2793
2715 2794
2715 2795
2715 2797
2715 2799
2715 2800
2715 2802
2715 2803
2715 2804
2715 2805
2715 2809
2715 2810
2715 2811
2715 2812
2715 2813
2715 2816
2715 2817
2715 2818
2715 2819
2715 2820
2715 2821
2715 2822
2715 2823
2715 2824
2715 2825
2715 2827
2715 2828
2715 2829
2715 2831
2715 2832
2715 2833
2715 2835
2715 2836
2715 2840
2715 2841
2715 2842
2715 2844
2715 2845
2715 2846
2715 2850
2715 2857
2715 2859
2715 2860
2715 2864
2715 2884
2715 2886
2715 2892
2715 2895
2715 2896
2715 2937
2715 2999
2715 3001
2715 3003
2715 3005
2715 3013
2715 3027
2715 3032
2715 3068
2715 4583
2715 4671
2715 5522
2715 5549
2715 6944
2715 6955
2715 6984
2715 7095
2715 7445
2715 7447
2981 2982
2981 2990
2981 3077
2981 3078
2981 3137
3047 3048
3047 3050
3047 3051
3047 3053
3047 3054
3047 3055
3047 3056
3047 3057
3047 3058
3047 3059
3047 3060
3047 3061
3047 3062
3047 3063
3047 3064
3047 3065
3047 3066
3047 3067
3047 3069
3047 3070
3047 3071
3047 3073
3047 3074
3047 3075
3047 3076
3047 3079
3047 3080
3047 3081
3047 3082
3047 3083
3047 3084
3047 3085
3047 3086
3047 3087
3047 3088
3047 3089
3047 3090
3047 3091
3047 3092
3047 3093
3047 3094
3047 3095
3047 3096
3047 3097
3047 3098
3047 3099
3047 3100
3047 3101
3047 3102
3047 3103
3047 3105
3047 3106
3047 3107
3047 3108
3047 3109
3047 3111
3047 3112
3047 3113
3047 3114
3047 3116
3047 3117
3047 3118
3047 3121
3047 3122
3047 3123
3047 3124
3047 3126
3047 3128
3047 3129
3047 3132
3047 3133
3047 3134
3047 3135
3047 3136
3047 3138
3047 3139
3047 3141
3047 3142
3047 3143
3047 3146
3047 3149
3047 3155
3047 3158
3047 3163
3047 3185
3047 3188
3047 3192
3047 3197
3047 3204
3047 3211
3047 3220
3047 3221
3047 3223
3047 3224
3047 3227
3047 3231
3047 3232
3047 3237
3047 3238
3047 3240
3047 3241
3047 3249
3047 3252
3047 3255
3047 3792
3047 3881
3047 4072
3047 4100
3047 4105
3047 4213
3047 4254
3047 4643
3047 4681
3047 4695
3047 4712
3047 4726
3047 7220
3458 4736
4508 4736
4549 4550
4731 4732
4736 4737
4736 4738
4736 4739
4736 4740
4736 4741
4736 4742
4736 4743
4736 4744
4736 4745
4736 4746
4736 4747
4736 4748
4736 4749
4736 4750
4736 4751
4736 4752
4736 4753
4736 4754
4736 4755
4736 4756
4736 4757
4736 4758
4736 4759
4736 4760
4736 4761
4736 4762
4736 4763
4736 4764
4736 4765
4736 4766
4736 4767
4736 4768
4736 4769
4736 4770
4736 4771
4736 4772
4736 4773
4736 4774
4736 4775
4736 4776
4736 4777
4736 4778
4736 4779
4736 4780
4736 4781
4736 4782
4736 4783
4736 4784
4736 4785
4736 4786
4736 4787
4736 4788
4736 4789
4736 4790
4736 4791
4736 4792
4736 4793
4736 4794
4736 4795
4736 4796
4736 4797
4736 4798
4736 4799
4736 4800
4736 4801
4736 4802
4736 4803
4736 4804
4736 4805
4736 4806
4736 4807
4736 4808
4736 4809
4736 4810
4736 4811
4736 4812
4736 4813
4736 4814
4736 4815
4736 4816
4736 4817
4736 4818
4736 4819
4736 4820
4736 4821
4736 4822
4736 4823
4736 4824
4736 4825
4736 4826
4736 4827
4736 4828
4736 4829
4736 4830
4736 4831
4736 4832
4736 4833
4736 4834
4736 4835
4736 4836
4736 4837
4736 4838
4736 4839
4736 4840
4736 4841
4736 4842
4736 4843
4736 4844
4736 4845
4736 4846
4736 4847
4736 4848
4736 4849
4736 4850
4736 4851
4736 4852
4736 4853
4736 4854
4736 4855
4736 4856
4736 4857
4736 4858
4736 4859
4736 4860
4736 4861
4736 4862
4736 4863
4736 4864
4736 4865
4736 4866
4736 4867
4736 4868
4736 4869
4736 4870
4736 4872
4736 4873
4736 4874
4736 4875
4736 4876
4736 4877
4736 4878
4736 4879
4736 4880
4736 4881
4736 4882
4736 4883
4736 4884
4736 4885
4736 4886
4736 4887
4736 4888
4736 4889
4736 4890
4736 4891
4736 4892
4736 4893
4736 4894
4736 4895
4736 4896
4736 4897
4736 4898
4736 4899
4736 4900
4736 4901
4736 4902
4736 4903
4736 4904
4736 4905
4736 4906
4736 4907
4736 4908
4736 4909
4736 4910
4736 4911
4736 4912
4736 4913
4736 4914
4736 4915
4736 4916
4736 4917
4736 4918
4736 4919
4736 4920
4736 4921
4736 4922
4736 4923
4736 4924
4736 4925
4736 4926
4736 4927
4736 4928
4736 4929
4736 4930
4736 4931
4736 4932
4736 4933
4736 4934
4736 4935
4736 4936
4736 4937
4736 4938
4736 4939
4736 4940
4736 4941
4736 4942
4736 4943
4736 4944
4736 4945
4736 4946
4736 4947
4736 4948
4736 4949
4736 4950
4736 4951
4736 4952
4736 4953
4736 4954
4736 4955
4736 4956
4736 4957
4736 4958
4736 4959
4736 4960
4736 4961
4736 4962
4736 4963
4736 4964
4736 4965
4736 4966
4736 4967
4736 4968
4736 4969
4736 4970
4736 4971
4736 4972
4736 4973
4736 4974
4736 4975
4736 4976
4736 4977
4736 4978
4736 4979
4736 4980
4736 4981
4736 4982
4736 4983
4736 4984
4736 4985
4736 4986
4736 4987
4736 4988
4736 4989
4736 4990
4736 4991
4736 4992
4736 4993
4736 4994
4736 4995
4736 4996
4736 4997
4736 4998
4736 4999
4736 5000
4736 5001
4736 5002
4736 5003
4736 5004
4736 5005
4736 5006
4736 5007
4736 5008
4736 5009
4736 5010
4736 5011
4736 5012
4736 5013
4736 5014
4736 5015
4736 5016
4736 5017
4736 5018
4736 5019
4736 5020
4736 5021
4736 5022
4736 5023
4736 5024
4736 5025
4736 5026
4736 5027
4736 5028
4736 5029
4736 5030
4736 5031
4736 5032
4736 5033
4736 5034
4736 5035
4736 5036
4736 5037
4736 5038
4736 5039
4736 5040
4736 5041
4736 5042
4736 5043
4736 5044
4736 5045
4736 5046
4736 5047
4736 5048
4736 5049
4736 5050
4736 5051
4736 5052
4736 5053
4736 5054
4736 5055
4736 5056
4736 5057
4736 5058
4736 5059
4736 5060
4736 5061
4736 5062
4736 5063
4736 5064
4736 5065
4736 5066
4736 5067
4736 5068
4736 5069
4736 5070
4736 5071
4736 5072
4736 5073
4736 5074
4736 5075
4736 5076
4736 5077
4736 5078
4736 5079
4736 5080
4736 5081
4736 5082
4736 5083
4736 5084
4736 5085
4736 5086
4736 5087
4736 5088
4736 5089
4736 5090
4736 5091
4736 5092
4736 5093
4736 5094
4736 5095
4736 5096
4736 5097
4736 5098
4736 5099
4736 5100
4736 5101
4736 5102
4736 5103
4736 5104
4736 5105
4736 5106
4736 5107
4736 5108
4736 5109
4736 5110
4736 5111
4736 5112
4736 5113
4736 5114
4736 5115
4736 5116
4736 5118
4736 5119
4736 5120
4736 5121
4736 5122
4736 5123
4736 5124
4736 5125
4736 5126
4736 5127
4736 5130
4736 5131
4736 5132
4736 5133
4736 5134
4736 5135
4736 5136
4736 5137
4736 5139
4736 5140
4736 5141
4736 5142
4736 5143
4736 5144
4736 5145
4736 5146
4736 5147
4736 5148
4736 5149
4736 5150
4736 5151
4736 5152
4736 5153
4736 5154
4736 5155
4736 5156
4736 5157
4736 5158
4736 5159
4736 5160
4736 5161
4736 5162
4736 5163
4736 5164
4736 5165
4736 5167
4736 5168
4736 5169
4736 5170
4736 5171
4736 5172
4736 5173
4736 5174
4736 5175
4736 5176
4736 5177
4736 5178
4736 5179
4736 5180
4736 5181
4736 5182
4736 5183
4736 5184
4736 5185
4736 5186
4736 5187
4736 5188
4736 5189
4736 5190
4736 5191
4736 5192
4736 5193
4736 5194
4736 5195
4736 5196
4736 5197
4736 5198
4736 5199
4736 5200
4736 5201
4736 5202
4736 5203
4736 5204
4736 5205
4736 5206
4736 5207
4736 5208
4736 5209
4736 5210
4736 5211
4736 5212
4736 5213
4736 5214
4736 5215
4736 5216
4736 5217
4736 5218
4736 5219
4736 5221
4736 5222
4736 5223
4736 5224
4736 5225
4736 5226
4736 5227
4736 5228
4736 5229
4736 5230
4736 5231
4736 5232
4736 5233
4736 5234
4736 5235
4736 5236
4736 5237
4736 5238
4736 5239
4736 5240
4736 5241
4736 5242
4736 5243
4736 5244
4736 5245
4736 5246
4736 5247
4736 5248
4736 5249
4736 5250
4736 5251
4736 5252
4736 5253
4736 5254
4736 5255
4736 5257
4736 5258
4736 5259
4736 5260
4736 5261
4736 5262
4736 5263
4736 5265
4736 5266
4736 5267
4736 5268
4736 5269
4736 5270
4736 5271
4736 5272
4736 5273
4736 5274
4736 5275
4736 5276
4736 5277
4736 5278
4736 5279
4736 5280
4736 5281
4736 5282
4736 5283
4736 5284
4736 5285
4736 5286
4736 5287
4736 5288
4736 5289
4736 5290
4736 5291
4736 5292
4736 5293
4736 5294
4736 5295
4736 5296
4736 5297
4736 5298
4736 5299
4736 5300
4736 5301
4736 5302
4736 5304
4736 5305
4736 5306
4736 5307
4736 5308
4736 5309
4736 5310
4736 5311
4736 5312
4736 5313
4736 5314
4736 5315
4736 5317
4736 5318
4736 5319
4736 5320
4736 5321
4736 5322
4736 5323
4736 5324
4736 5325
4736 5326
4736 5327
4736 5328
4736 5329
4736 5330
4736 5332
4736 5333
4736 5334
4736 5335
4736 5336
4736 5337
4736 5338
4736 5339
4736 5341
4736 5342
4736 5343
4736 5344
4736 5346
4736 5347
4736 5348
4736 5349
4736 5351
4736 5352
4736 5353
4736 5354
4736 5355
4736 5356
4736 5357
4736 5358
4736 5359
4736 5360
4736 5361
4736 5362
4736 5363
4736 5364
4736 5365
4736 5366
4736 5367
4736 5368
4736 5369
4736 5370
4736 5371
4736 5372
4736 5373
4736 5374
4736 5375
4736 5376
4736 5377
4736 5378
4736 5379
4736 5380
4736 5381
4736 5382
4736 5383
4736 5384
4736 5385
4736 5386
4736 5387
4736 5388
4736 5389
4736 5390
4736 5391
4736 5392
4736 5393
4736 5394
4736 5395
4736 5396
4736 5397
4736 5398
4736 5399
4736 5400
4736 5401
4736 5402
4736 5403
4736 5404
4736 5405
4736 5406
4736 5407
4736 5408
4736 5409
4736 5410
4736 5411
4736 5414
4736 5415
4736 5416
4736 5417
4736 5418
4736 5419
4736 5420
4736 5421
4736 5422
4736 5423
4736 5424
4736 5425
4736 5426
4736 5427
4736 5428
4736 5429
4736 5430
4736 5431
4736 5432
4736 5433
4736 5434
4736 5435
4736 5436
4736 5437
4736 5438
4736 5440
4736 5441
4736 5442
4736 5443
4736 5444
4736 5445
4736 5446
4736 5447
4736 5448
4736 5449
4736 5450
4736 5451
4736 5452
4736 5453
4736 5454
4736 5455
4736 5456
4736 5458
4736 5459
4736 5461
4736 5462
4736 5463
4736 5464
4736 5465
4736 5466
4736 5467
4736 5468
4736 5469
4736 5471
4736 5472
4736 5473
4736 5474
4736 5475
4736 5476
4736 5477
4736 5478
4736 5479
4736 5480
4736 5481
4736 5482
4736 5483
4736 5484
4736 5485
4736 5486
4736 5487
4736 5488
4736 5489
4736 5490
4736 5491
4736 5492
4736 5493
4736 5494
4736 5496
4736 5497
4736 5498
4736 5499
4736 5500
4736 5501
4736 5502
4736 5503
4736 5504
4736 5505
4736 5506
4736 5507
4736 5508
4736 5509
4736 5511
4736 5512
4736 5513
4736 5514
4736 5515
4736 5516
4736 5517
4736 5518
4736 5519
4736 5520
4736 5521
4736 5523
4736 5524
4736 5526
4736 5527
4736 5528
4736 5529
4736 5530
4736 5531
4736 5532
4736 5533
4736 5537
4736 5538
4736 5539
4736 5540
4736 5541
4736 5542
4736 5543
4736 5544
4736 5545
4736 5546
4736 5547
4736 5548
4736 5550
4736 5551
4736 5552
4736 5553
4736 5554
4736 5555
4736 5557
4736 5558
4736 5559
4736 5560
4736 5561
4736 5562
4736 5563
4736 5564
4736 5565
4736 5566
4736 5567
4736 5568
4736 5569
4736 5570
4736 5571
4736 5572
4736 5573
4736 5574
4736 5575
4736 5576
4736 5578
4736 5579
4736 5580
4736 5581
4736 5582
4736 5583
4736 5584
4736 5585
4736 5587
4736 5588
4736 5589
4736 5590
4736 5591
4736 5592
4736 5594
4736 5598
4736 5599
4736 5600
4736 5601
4736 5602
4736 5603
4736 5604
4736 5605
4736 5606
4736 5607
4736 5608
4736 5609
4736 5610
4736 5611
4736 5612
4736 5613
4736 5615
4736 5617
4736 5618
4736 5619
4736 5621
4736 5622
4736 5623
4736 5627
4736 5628
4736 5630
4736 5631
4736 5634
4736 5635
4736 5636
4736 5638
4736 5639
4736 5640
4736 5641
4736 5642
4736 5643
4736 5644
4736 5646
4736 5647
4736 5648
4736 5649
4736 5650
4736 5651
4736 5652
4736 5653
4736 5656
4736 5679
4736 5696
4736 5701
4736 5702
4736 5704
4736 5707
4736 5709
4736 5711
4736 5713
4736 5717
4736 5718
4736 5720
4736 5721
4736 5725
4736 5730
4736 5731
4736 5732
4736 5733
4736 5735
4736 5738
4736 5739
4736 5742
4736 5743
4736 5744
4736 5747
4736 5751
4736 5754
4736 5755
4736 5757
4736 5758
4736 5759
4736 5761
4736 5762
4736 5765
4736 5766
4736 5768
4736 5770
4736 5771
4736 5772
4736 5773
4736 5775
4736 5781
4736 5782
4736 5783
4736 5785
4736 5786
4736 5788
4736 5789
4736 5790
4736 5793
4736 5794
4736 5797
4736 5798
4736 5799
4736 5802
4736 5803
4736 5805
4736 5814
4736 5815
4736 5816
4736 5817
4736 5818
4736 5819
4736 5820
4736 5821
4736 5822
4736 5823
4736 5824
4736 5825
4736 5826
4736 5827
4736 5828
4736 5829
4736 5830
4736 5831
4736 5832
4736 5833
4736 5834
4736 5835
4736 5836
4736 5837
4736 5838
4736 5839
4736 5841
4736 5843
4736 5844
4736 5845
4736 5847
4736 5848
4736 5850
4736 5852
4736 5853
4736 5855
4736 5857
4736 5858
4736 5859
4736 5860
4736 5861
4736 5862
4736 5863
4736 5864
4736 5865
4736 5866
4736 5867
4736 5869
4736 5870
4736 5874
4736 5876
4736 5877
4736 5881
4736 5883
4736 5885
4736 5887
4736 5894
4736 5895
4736 5896
4736 5897
4736 5899
4736 5900
4736 5901
4736 5902
4736 5903
4736 5905
4736 5906
4736 5907
4736 5908
4736 5910
4736 5911
4736 5912
4736 5913
4736 5915
4736 5916
4736 5917
4736 5918
4736 5919
4736 5920
4736 5921
4736 5922
4736 5923
4736 5925
4736 5926
4736 5927
4736 5928
4736 5929
4736 5930
4736 5931
4736 5933
4736 5934
4736 5937
4736 5939
4736 5941
4736 5944
4736 5946
4736 5947
4736 5948
4736 5949
4736 5952
4736 5953
4736 5955
4736 5956
4736 5957
4736 5958
4736 5959
4736 5960
4736 5962
4736 5966
4736 5978
4736 5979
4736 5980
4736 5988
4736 5994
4736 5996
4736 6002
4736 6007
4736 6008
4736 6014
4736 6020
4736 6021
4736 6023
4736 6025
4736 6029
4736 6030
4736 6031
4736 6032
4736 6035
4736 6036
4736 6038
4736 6044
4736 6049
4736 6050
4736 6051
4736 6053
4736 6054
4736 6056
4736 6058
4736 6062
4736 6063
4736 6064
4736 6066
4736 6069
4736 6070
4736 6072
4736 6073
4736 6074
4736 6075
4736 6076
4736 6077
4736 6078
4736 6079
4736 6080
4736 6081
4736 6082
4736 6083
4736 6084
4736 6085
4736 6086
4736 6087
4736 6088
4736 6089
4736 6090
4736 6091
4736 6092
4736 6093
4736 6094
4736 6095
4736 6096
4736 6097
4736 6098
4736 6099
4736 6100
4736 6101
4736 6102
4736 6103
4736 6104
4736 6105
4736 6106
4736 6107
4736 6108
4736 6109
4736 6110
4736 6111
4736 6113
4736 6114
4736 6115
4736 6116
4736 6117
4736 6118
4736 6119
4736 6120
4736 6121
4736 6122
4736 6123
4736 6124
4736 6125
4736 6126
4736 6127
4736 6128
4736 6129
4736 6130
4736 6131
4736 6132
4736 6134
4736 6135
4736 6136
4736 6137
4736 6138
4736 6139
4736 6140
4736 6142
4736 6143
4736 6144
4736 6145
4736 6146
4736 6147
4736 6148
4736 6149
4736 6150
4736 6151
4736 6152
4736 6153
4736 6154
4736 6155
4736 6156
4736 6157
4736 6158
4736 6159
4736 6160
4736 6162
4736 6163
4736 6164
4736 6165
4736 6167
4736 6168
4736 6169
4736 6170
4736 6171
4736 6172
4736 6173
4736 6174
4736 6175
4736 6176
4736 6177
4736 6178
4736 6179
4736 6180
4736 6181
4736 6182
4736 6183
4736 6184
4736 6185
4736 6186
4736 6187
4736 6188
4736 6189
4736 6190
4736 6191
4736 6192
4736 6193
4736 6194
4736 6195
4736 6196
4736 6197
4736 6198
4736 6199
4736 6200
4736 6201
4736 6202
4736 6203
4736 6204
4736 6205
4736 6206
4736 6207
4736 6208
4736 6209
4736 6210
4736 6211
4736 6212
4736 6213
4736 6214
4736 6215
4736 6217
4736 6218
4736 6219
4736 6220
4736 6221
4736 6222
4736 6223
4736 6224
4736 6225
4736 6226
4736 6227
4736 6228
4736 6229
4736 6230
4736 6231
4736 6232
4736 6233
4736 6234
4736 6235
4736 6236
4736 6237
4736 6238
4736 6239
4736 6241
4736 6242
4736 6243
4736 6244
4736 6245
4736 6246
4736 6247
4736 6248
4736 6249
4736 6250
4736 6252
4736 6253
4736 6254
4736 6255
4736 6256
4736 6257
4736 6258
4736 6259
4736 6260
4736 6261
4736 6262
4736 6263
4736 6264
4736 6265
4736 6266
4736 6267
4736 6268
4736 6269
4736 6270
4736 6271
4736 6272
4736 6273
4736 6274
4736 6275
4736 6276
4736 6277
4736 6278
4736 6279
4736 6280
4736 6281
4736 6283
4736 6284
4736 6285
4736 6286
4736 6287
4736 6288
4736 6289
4736 6290
4736 6291
4736 6292
4736 6293
4736 6295
4736 6296
4736 6297
4736 6298
4736 6299
4736 6300
4736 6301
4736 6303
4736 6304
4736 6305
4736 6306
4736 6308
4736 6309
4736 6312
4736 6313
4736 6314
4736 6315
4736 6316
4736 6317
4736 6318
4736 6321
4736 6322
4736 6323
4736 6325
4736 6326
4736 6327
4736 6328
4736 6329
4736 6330
4736 6331
4736 6332
4736 6333
4736 6334
4736 6335
4736 6336
4736 6337
4736 6338
4736 6339
4736 6340
4736 6343
4736 6344
4736 6345
4736 6348
4736 6349
4736 6350
4736 6352
4736 6354
4736 6355
4736 6356
4736 6357
4736 6358
4736 6359
4736 6360
4736 6362
4736 6363
4736 6365
4736 6366
4736 6367
4736 6368
4736 6369
4736 6372
4736 6373
4736 6374
4736 6375
4736 6376
4736 6377
4736 6379
4736 6380
4736 6382
4736 6383
4736 6384
4736 6386
4736 6387
4736 6389
4736 6390
4736 6391
4736 6392
4736 6393
4736 6394
4736 6395
4736 6396
4736 6397
4736 6398
4736 6399
4736 6400
4736 6402
4736 6403
4736 6404
4736 6405
4736 6406
4736 6407
4736 6408
4736 6409
4736 6410
4736 6411
4736 6413
4736 6414
4736 6416
4736 6417
4736 6421
4736 6422
4736 6423
4736 6424
4736 6425
4736 6426
4736 6427
4736 6429
4736 6431
4736 6432
4736 6433
4736 6435
4736 6437
4736 6438
4736 6439
4736 6441
4736 6446
4736 6454
4736 6456
4736 6458
4736 6471
4736 6473
4736 6479
4736 6485
4736 6502
4736 6510
4736 6512
4736 6523
4736 6524
4736 6530
4736 6531
4736 6532
4736 6533
4736 6534
4736 6535
4736 6536
4736 6537
4736 6538
4736 6539
4736 6540
4736 6541
4736 6542
4736 6543
4736 6544
4736 6546
4736 6547
4736 6548
4736 6549
4736 6550
4736 6551
4736 6553
4736 6554
4736 6555
4736 6556
4736 6557
4736 6558
4736 6560
4736 6561
4736 6562
4736 6563
4736 6564
4736 6566
4736 6567
4736 6568
4736 6569
4736 6572
4736 6573
4736 6574
4736 6575
4736 6576
4736 6577
4736 6579
4736 6580
4736 6581
4736 6582
4736 6583
4736 6584
4736 6585
4736 6586
4736 6588
4736 6589
4736 6591
4736 6592
4736 6593
4736 6596
4736 6597
4736 6598
4736 6599
4736 6600
4736 6601
4736 6602
4736 6603
4736 6604
4736 6606
4736 6607
4736 6608
4736 6610
4736 6611
4736 6612
4736 6613
4736 6614
4736 6615
4736 6616
4736 6617
4736 6618
4736 6621
4736 6626
4736 6627
4736 6628
4736 6629
4736 6631
4736 6633
4736 6634
4736 6638
4736 6639
4736 6643
4736 6644
4736 6645
4736 6646
4736 6647
4736 6648
4736 6649
4736 6650
4736 6651
4736 6652
4736 6653
4736 6654
4736 6655
4736 6658
4736 6659
4736 6660
4736 6662
4736 6663
4736 6665
4736 6666
4736 6667
4736 6668
4736 6669
4736 6671
4736 6672
4736 6673
4736 6674
4736 6675
4736 6676
4736 6677
4736 6680
4736 6681
4736 6682
4736 6683
4736 6684
4736 6685
4736 6686
4736 6687
4736 6688
4736 6690
4736 6691
4736 6692
4736 6694
4736 6695
4736 6696
4736 6697
4736 6699
4736 6703
4736 6704
4736 6705
4736 6706
4736 6709
4736 6711
4736 6712
4736 6714
4736 6715
4736 6716
4736 6717
4736 6721
4736 6722
4736 6723
4736 6724
4736 6732
4736 6734
4736 6735
4736 6736
4736 6738
4736 6739
4736 6740
4736 6742
4736 6743
4736 6745
4736 6747
4736 6749
4736 6751
4736 6752
4736 6754
4736 6755
4736 6756
4736 6757
4736 6758
4736 6760
4736 6762
4736 6763
4736 6764
4736 6765
4736 6766
4736 6767
4736 6769
4736 6770
4736 6771
4736 6772
4736 6773
4736 6774
4736 6775
4736 6776
4736 6777
4736 6778
4736 6779
4736 6783
4736 6784
4736 6785
4736 6786
4736 6787
4736 6788
4736 6790
4736 6791
4736 6792
4736 6794
4736 6795
4736 6796
4736 6797
4736 6798
4736 6799
4736 6802
4736 6803
4736 6805
4736 6806
4736 6807
4736 6809
4736 6810
4736 6811
4736 6812
4736 6813
4736 6814
4736 6815
4736 6816
4736 6819
4736 6823
4736 6826
4736 6828
4736 6836
4736 6837
4736 6838
4736 6840
4736 6841
4736 6848
4736 6851
4736 6853
4736 6855
4736 6857
4736 6858
4736 6862
4736 6868
4736 6869
4736 6873
4736 6876
4736 6880
4736 6881
4736 6882
4736 6883
4736 6884
4736 6885
4736 6886
4736 6888
4736 6890
4736 6891
4736 6892
4736 6894
4736 6896
4736 6898
4736 6899
4736 6900
4736 6902
4736 6903
4736 6905
4736 6907
4736 6909
4736 6911
4736 6914
4736 6915
4736 6916
4736 6917
4736 6921
4736 6922
4736 6925
4736 6926
4736 6929
4736 6934
4736 6935
4736 6938
4736 6942
4736 6945
4736 6948
4736 6949
4736 6951
4736 6954
4736 6957
4736 6958
4736 6961
4736 6963
4736 6964
4736 6968
4736 6971
4736 6974
4736 6977
4736 6978
4736 6980
4736 6986
4736 6987
4736 6988
4736 6989
4736 6991
4736 6992
4736 6993
4736 6995
4736 6996
4736 6998
4736 7002
4736 7003
4736 7004
4736 7005
4736 7006
4736 7007
4736 7008
4736 7010
4736 7014
4736 7015
4736 7016
4736 7017
4736 7020
4736 7026
4736 7031
4736 7038
4736 7039
4736 7044
4736 7046
4736 7047
4736 7048
4736 7049
4736 7052
4736 7053
4736 7055
4736 7057
4736 7058
4736 7059
4736 7061
4736 7063
4736 7065
4736 7066
4736 7068
4736 7071
4736 7072
4736 7078
4736 7083
4736 7084
4736 7086
4736 7089
4736 7090
4736 7091
4736 7092
4736 7093
4736 7097
4736 7102
4736 7104
4736 7106
4736 7107
4736 7108
4736 7126
4736 7153
4736 7163
4736 7177
4736 7181
4736 7187
4736 7191
4736 7204
4736 7207
4736 7212
4736 7221
4736 7238
4736 7249
4736 7250
4736 7254
4736 7276
4736 7284
4736 7296
4736 7298
4736 7306
4736 7307
4736 7314
4736 7323
4736 7325
4736 7326
4736 7327
4736 7328
4736 7330
4736 7331
4736 7333
4736 7335
4736 7336
4736 7337
4736 7338
4736 7339
4736 7340
4736 7341
4736 7342
4736 7343
4736 7344
4736 7345
4736 7346
4736 7347
4736 7348
4736 7349
4736 7350
4736 7351
4736 7352
4736 7353
4736 7354
4736 7355
4736 7356
4736 7357
4736 7358
4736 7359
4736 7360
4736 7361
4736 7362
4736 7363
4736 7364
4736 7365
4736 7366
4736 7367
4736 7368
4736 7370
4736 7371
4736 7372
4736 7373
4736 7374
4736 7375
4736 7377
4736 7378
4736 7379
4736 7380
4736 7381
4736 7383
4736 7384
4736 7385
4736 7386
4736 7387
4736 7388
4736 7389
4736 7391
4736 7393
4736 7394
4736 7395
4736 7396
4736 7397
4736 7398
4736 7399
4736 7400
4736 7401
4736 7403
4736 7404
4736 7405
4736 7406
4736 7407
4736 7408
4736 7409
4736 7410
4736 7411
4736 7412
4736 7415
4736 7418
4736 7421
4736 7423
4736 7425
4736 7426
4736 7427
4736 7428
4736 7429
4736 7430
4736 7432
4736 7433
4736 7434
4736 7438
4736 7440
4736 7444
4736 7446
4736 7449
4736 7450
4736 7451
4736 7453
4736 7459
4736 7461
4736 7468
4736 7470
4736 7474
4736 7477
4736 7478
4736 7479
4736 7480
4736 7483
4736 7489
4736 7490
4736 7491
4736 7492
4736 7510
4736 7518
4736 7520
4736 7521
4736 7522
4736 7523
4736 7524
4736 7525
4736 7526
4736 7527
4736 7528
4736 7529
4736 7530
4736 7531
4736 7532
4736 7533
4736 7534
4736 7535
4736 7536
4736 7537
4736 7538
4736 7539
4736 7540
4736 7541
4736 7542
4736 7543
4736 7544
4736 7545
4736 7546
4736 7547
4736 7548
4736 7549
4736 7550
4736 7551
4736 7552
4736 7553
4736 7554
4736 7555
4736 7556
4736 7557
4736 7558
4736 7559
4736 7560
4736 7561
4736 7562
4736 7563
4736 7564
4736 7565
4736 7566
4736 7567
4736 7568
4736 7569
4736 7570
4736 7571
4736 7572
4736 7573
4736 7574
4736 7575
4736 7576
4736 7577
4736 7578
4736 7579
4736 7580
4736 7581
4736 7582
4736 7583
4736 7584
4736 7585
4736 7587
4736 7588
4736 7589
4736 7590
4736 7591
4736 7592
4736 7593
4736 7594
4736 7595
4736 7596
4736 7597
4736 7598
4736 7599
4736 7600
4736 7601
4736 7602
4736 7603
4736 7604
4736 7605
4736 7606
4736 7607
4736 7608
4736 7609
4736 7610
4736 7611
4736 7612
4736 7613
4736 7614
4736 7615
4736 7616
4736 7617
4736 7618
4736 7619
4736 7620
4736 7621
4736 7622
4736 7623
4736 7624
4736 7625
4736 7626
4736 7627
4736 7628
4736 7629
4736 7630
4736 7631
4736 7632
4736 7633
4736 7634
4736 7635
4736 7636
4736 7637
4736 7638
4736 7639
4736 7640
4736 7641
4736 7642
4736 7643
4736 7644
4736 7645
4736 7646
4736 7647
4736 7648
4736 7649
4736 7650
4736 7651
4736 7652
4736 7653
4736 7654
4736 7655
4736 7656
4736 7657
4736 7658
4736 7659
4736 7660
4736 7661
4736 7662
4736 7663
4736 7664
4736 7665
4736 7666
4736 7667
4736 7668
4736 7669
4736 7670
4736 7671
4736 7672
4736 7673
4736 7674
4736 7675
4736 7676
4736 7677
4736 7678
4736 7679
4736 7680
4736 7681
4736 7682
4736 7683
4736 7684
4736 7685
4736 7686
4736 7687
4736 7688
4736 7689
4736 7690
4736 7691
4736 7692
4736 7693
4736 7694
4736 7695
4736 7696
4736 7697
4736 7698
4736 7699
4736 7700
4736 7701
4736 7702
4736 7703
4736 7704
4736 7705
4736 7706
4736 7707
4736 7708
4736 7709
4736 7710
4736 7711
4736 7712
4736 7713
4736 7714
4736 7715
4736 7716
4736 7717
4736 7718
4736 7719
4736 7720
4736 7721
4736 7723
4736 7724
4736 7725
4736 7726
4736 7727
4736 7728
4736 7729
4736 7730
4736 7731
4736 7733
4736 7734
4736 7735
4736 7736
4736 7737
4736 7738
4736 7739
4736 7740
4736 7741
4736 7742
4736 7743
4736 7744
4736 7745
4736 7746
4736 7747
4736 7748
4736 7749
4736 7750
4736 7751
4736 7752
4736 7753
4736 7754
4736 7755
4736 7756
4736 7757
4736 7758
4736 7759
4736 7760
4736 7761
4736 7763
4736 7765
4736 7766
4736 7767
4736 7768
4736 7769
4736 7770
4736 7771
4736 7772
4736 7773
4736 7774
4736 7775
4736 7776
4736 7777
4736 7778
4736 7779
4736 7780
4736 7781
4736 7782
4736 7783
4736 7784
4736 7785
4736 7786
4736 7787
4736 7788
4736 7789
4736 7790
4736 7791
4736 7792
4736 7793
4736 7794
4736 7795
4736 7796
4736 7798
4736 7799
4736 7800
4736 7802
4736 7804
4736 7805
4736 7806
4736 7807
4736 7808
4736 7809
4736 7810
4736 7812
4736 7813
4736 7814
4736 7815
4736 7818
4736 7819
4736 7820
4736 7821
4736 7822
4736 7823
4736 7824
4736 7825
4736 7826
4736 7827
4736 7828
4736 7830
4736 7831
4736 7832
4736 7833
4736 7834
4736 7835
4736 7836
4736 7837
4736 7839
4736 7840
4736 7841
4736 7842
4736 7843
4736 7844
4736 7846
4736 7847
4736 7848
4736 7849
4736 7850
4736 7851
4736 7853
4736 7854
4736 7857
4736 7858
4736 7860
4736 7861
4736 7862
4736 7863
4736 7865
4736 7866
4736 7868
4736 7869
4736 7870
4736 7871
4736 7872
5624 5625
5624 5629
5624 5632
5624 5633
6319 6320
6725 6726
6725 6728
6725 6729
6725 6730
6725 6731
6725 6733
6725 6737
6725 6741
6725 6744
6725 6746
6725 6748
6725 6750
6725 6753
6725 6759
6725 6761
6725 6768
6725 6780
6725 6800
6725 6804
6725 6808
6725 6820
6725 6821
6725 6832
6725 6833
6725 6834
6725 6849
6725 6856
6725 6860
6725 6864
6725 6870
6725 6874
6725 6875
6725 6889
6725 6901
6725 6910
6725 6912
6725 6918
6725 6919
6725 6920
6725 6924
6725 6927
6725 6932
6725 6936
6725 6952
6725 6960
6725 6970
6725 6975
6725 6981
6725 6983
6725 6994
6725 6999
6725 7027
6725 7043
6725 7070
6725 7113
6725 7114
6725 7115
6725 7116
6725 7118
6725 7120
6725 7121
6725 7122
6725 7123
6725 7124
6725 7125
6725 7127
6725 7128
6725 7129
6725 7130
6725 7131
6725 7132
6725 7133
6725 7134
6725 7135
6725 7136
6725 7137
6725 7138
6725 7139
6725 7140
6725 7141
6725 7142
6725 7143
6725 7144
6725 7146
6725 7147
6725 7148
6725 7149
6725 7150
6725 7151
6725 7152
6725 7154
6725 7155
6725 7156
6725 7157
6725 7158
6725 7159
6725 7161
6725 7162
6725 7164
6725 7166
6725 7169
6725 7171
6725 7172
6725 7173
6725 7174
6725 7175
6725 7176
6725 7179
6725 7180
6725 7184
6725 7185
6725 7188
6725 7189
6725 7194
6725 7196
6725 7197
6725 7200
6725 7201
6725 7202
6725 7205
6725 7206
6725 7209
6725 7210
6725 7216
6725 7232
6725 7234
6725 7236
6725 7240
6725 7241
6725 7243
6725 7248
6725 7293
6725 7297
6725 7305
6725 7313
6725 7320
6725 7324
6725 7402
6725 7414
6725 7416
6725 7419
6725 7420
6725 7437
6725 7439
6725 7482
6725 7502
6725 7506
6725 7512
6725 7762
6725 7764
7218 7219
7218 7226
7218 7244
7218 7286
7218 7299
7218 7443
7218 7473
7218 7485
